010001.jpg 287,428,351,662,0 351,391,424,642,0 466,367,550,614,0 700,354,761,585,0 704,517,806,794,0 1124,22,1196,245,0
010011.jpg 284,126,391,346,0 367,145,455,380,0 492,489,612,737,0 1116,324,1242,568,0
010021.jpg 1121,1,1217,161,0 751,381,823,620,0 708,400,798,636,0
010031.jpg 218,401,300,660,0 290,373,380,642,0 428,373,549,613,0 668,585,787,818,0 790,792,931,1004,0 1175,416,1275,635,0 669,597,768,851,0
010041.jpg 813,545,860,809,0 856,559,931,784,0 746,333,801,584,0 766,311,849,498,0 212,534,324,739,0
010051.jpg 350,414,433,710,0 401,376,486,606,0 88,807,210,1012,0 321,729,429,945,0
010061.jpg 33,373,115,604,0 105,353,193,584,0 463,368,576,609,0
010071.jpg 360,343,463,620,0 1091,14,1189,234,0 1190,6,1276,267,0
010081.jpg 52,603,177,847,0 600,532,697,779,0 675,560,752,741,0 878,394,984,651,0
010091.jpg 10,711,74,959,0 140,724,212,978,0
010101.jpg 591,881,690,1024,0 589,820,690,959,0
010111.jpg 427,371,544,613,0 801,764,917,970,0
010121.jpg 923,429,1034,676,0
010131.jpg 1086,605,1168,857,0 1159,572,1261,830,0 1030,362,1136,542,0 177,852,256,1024,0 108,885,198,1024,0
010141.jpg 194,437,298,659,0 255,729,398,970,0 689,391,793,645,0 1194,381,1279,595,0
010151.jpg 316,536,441,754,0 848,406,952,661,0 1102,381,1226,581,0 1185,597,1268,867,0
010161.jpg 315,710,455,903,0 13,557,103,795,0 776,453,871,723,0 851,398,966,666,0
010171.jpg 14,358,87,587,0 81,354,185,587,0 553,326,622,551,0 1108,72,1185,311,0 1173,72,1216,296,0 1083,50,1129,128,0 1138,56,1201,134,0 384,641,473,871,0 330,653,388,874,0 282,900,406,1024,0
010181.jpg 312,399,383,622,0 276,358,359,601,0 203,197,319,424,0 753,485,879,703,0
010191.jpg 264,537,337,747,0 201,564,276,753,0 43,178,117,427,0
010201.jpg 413,328,513,585,0 843,419,954,667,0 1,916,93,1023,0
010211.jpg 339,595,494,877,0 46,798,138,987,0 764,558,887,823,0 1169,1,1253,185,0 1189,288,1280,534,0
010221.jpg 873,386,928,649,0 831,443,885,667,0 375,517,457,760,0 125,355,237,599,0 369,549,471,799,0 1220,353,1280,558,0
010231.jpg 880,268,966,510,0 973,275,1043,503,0
010241.jpg 483,351,562,608,0 873,481,1004,700,0 1146,5,1240,228,0
010251.jpg 305,787,446,1003,0 616,529,726,762,0 724,589,859,829,0 1015,537,1158,791,0
010262.jpg 340,331,441,581,0 1093,339,1234,578,0
010272.jpg 85,570,202,758,0 1081,417,1221,673,0
010282.jpg 699,400,771,642,0 739,371,814,612,0 136,275,216,507,0 181,770,250,1024,0 84,761,209,1024,0
010292.jpg 535,322,640,542,0 1109,51,1170,249,0 1167,42,1237,288,0 1093,10,1156,84,0 1171,4,1236,105,0 326,651,414,893,0 392,660,477,909,0 646,708,738,923,0 1,349,55,565,0
010302.jpg 22,889,136,1014,0 577,583,703,828,0 964,221,1051,473,0 1060,336,1149,537,0 1156,1,1237,199,0
010312.jpg 272,360,353,601,0 80,99,159,333,0
010322.jpg 231,836,351,1003,0 463,804,587,1018,0 668,634,796,862,0 744,639,864,858,0 853,399,984,647,0 1103,396,1211,616,0
010332.jpg 488,353,555,604,0 362,718,519,941,0
010342.jpg 429,710,560,946,0 514,710,600,926,0
010352.jpg 385,321,471,569,0 816,539,899,779,0 869,529,961,749,0
010362.jpg 247,675,374,922,0
010372.jpg 1165,1,1237,198,0 1112,76,1215,295,0 448,363,563,604,0 189,388,278,626,0 275,462,365,673,0 273,637,388,835,0
010382.jpg 901,290,992,478,0 899,499,965,750,0 960,455,1043,720,0
010392.jpg 11,374,148,628,0 448,341,566,578,0 1039,20,1115,231,0
010402.jpg 606,661,737,888,0 942,563,1028,824,0 1031,646,1127,874,0 1099,609,1189,839,0 1144,548,1236,829,0 987,406,1079,589,0
010412.jpg 459,374,585,617,0 172,539,315,741,0 1,172,42,441,0
010422.jpg 671,449,791,666,0 1109,409,1219,661,0
010432.jpg 304,156,379,384,0 869,422,989,646,0 206,833,356,1012,0
010442.jpg 765,382,828,628,0 710,400,792,641,0 894,203,960,425,0 962,131,1034,358,0
010452.jpg 1,258,39,497,0 33,268,100,505,0 99,186,192,443,0 230,224,329,451,0 1,674,100,879,0 317,774,429,968,0 944,530,1048,714,0 1051,49,1143,293,0 1129,69,1218,279,0 1165,1,1225,113,0
010462.jpg 1084,92,1146,323,0 911,195,991,426,0 752,375,821,620,0 718,401,790,632,0
010472.jpg 110,667,252,886,0 572,737,715,1006,0 943,730,1051,954,0 384,106,471,200,0 1,430,63,668,0
010482.jpg 122,400,216,639,0 316,348,397,607,0 391,348,481,619,0 587,582,685,816,0 843,150,916,385,0 1111,38,1198,269,0
010492.jpg 321,539,465,826,0 835,420,990,655,0 277,178,384,407,0
010502.jpg 694,550,818,770,0 631,355,748,623,0 1054,118,1158,336,0 1151,114,1229,366,0
010512.jpg 278,371,342,585,0 258,406,321,664,0 228,624,325,785,0 451,333,533,586,0 718,573,824,766,0 793,550,874,766,0 847,756,969,1014,0
010522.jpg 742,576,867,821,0 529,559,614,808,0 706,398,774,630,0 741,373,816,595,0 1168,1,1238,199,0
010532.jpg 56,184,146,409,0 252,379,356,613,0 352,341,422,562,0 755,561,893,830,0 856,116,930,313,0
010542.jpg 347,323,459,563,0 468,381,555,609,0 987,207,1056,423,0 1158,388,1254,633,0 1224,310,1273,507,0 455,963,522,1024,0
010552.jpg 134,517,239,751,0 143,387,235,576,0 133,141,259,364,0 594,487,667,743,0 648,462,724,717,0
010562.jpg 467,366,588,618,0 787,447,927,686,0
010572.jpg 467,375,560,622,0 525,496,619,745,0 608,479,684,719,0 958,17,1048,270,0 933,600,1040,814,0
010582.jpg 700,351,762,593,0 468,364,547,609,0
010592.jpg 251,834,353,1022,0 476,371,561,612,0 531,541,599,769,0 588,506,684,743,0 765,384,837,626,0 1068,1,1141,206,0 1159,12,1236,207,0 1188,82,1264,307,0 1203,332,1276,543,0 542,930,680,1024,0
020004.jpg 127,492,236,768,0 81,412,163,683,0
020014.jpg 19,441,149,645,0 584,410,671,651,0 876,584,964,828,0
020024.jpg 592,661,683,874,0 975,542,1046,807,0 1171,514,1251,744,0 1131,384,1261,658,0
020034.jpg 209,518,317,763,0 644,466,762,730,0 988,714,1064,955,0 917,1,1046,175,0
020044.jpg 637,720,728,981,0 691,673,815,966,0
020054.jpg 787,133,881,400,0
020064.jpg 170,761,276,1013,0
020074.jpg 438,108,562,298,0
020084.jpg 955,304,1035,516,0
020094.jpg 394,260,486,492,0 529,293,615,525,0 274,500,394,762,0
020104.jpg 372,532,469,825,0 984,86,1077,321,0
020114.jpg 22,408,104,655,0
020124.jpg 331,383,467,663,0
020134.jpg 555,458,666,691,0
020144.jpg 777,381,892,593,0
020154.jpg 928,333,1002,564,0 870,562,1005,820,0
020164.jpg 743,67,835,275,0
020174.jpg 560,509,696,728,0 633,698,762,911,0 790,138,921,368,0
020184.jpg 169,439,297,683,0 262,310,372,534,0 680,205,779,479,0
020194.jpg 121,535,268,821,0
020204.jpg 692,101,766,312,0 708,434,796,719,0 513,646,640,879,0 141,881,260,1024,0 1091,617,1203,853,0 1169,168,1248,374,0
020214.jpg 978,630,1079,882,0 865,705,962,971,0
020224.jpg 1003,614,1083,878,0 1149,658,1229,929,0
020234.jpg 805,429,905,668,0 958,59,1054,252,0
020244.jpg 771,354,877,603,0 897,526,1005,763,0
020254.jpg 636,548,751,813,0 155,894,277,1024,0 1121,257,1183,525,0
020264.jpg 895,461,1015,708,0
020274.jpg 1049,283,1142,550,0
020284.jpg 308,667,388,961,0 360,644,465,916,0 718,656,821,904,0 780,609,852,845,0
020294.jpg 1028,126,1106,344,0 976,560,1119,770,0
020304.jpg 646,714,740,975,0 710,660,802,925,0 905,567,1033,839,0 974,371,1101,572,0
020314.jpg 1,479,59,730,0 65,441,135,676,0
020324.jpg 241,581,327,851,0 1019,160,1092,393,0
020334.jpg 676,480,810,794,0 1031,582,1126,817,0 77,496,188,746,0
020344.jpg 713,395,826,581,0 378,792,550,1019,0 918,597,1038,824,0 1151,467,1264,735,0 1204,591,1280,820,0
020354.jpg 129,397,215,645,0 180,376,285,612,0 692,504,787,771,0 799,710,909,963,0 968,547,1084,809,0 1178,692,1280,886,0
020364.jpg 908,551,968,806,0 977,510,1076,785,0 1177,688,1275,941,0 438,64,537,284,0 325,469,406,719,0 155,261,239,449,0 118,523,191,799,0 892,3,981,103,0
020374.jpg 1171,250,1251,524,0 827,729,924,943,0 668,794,780,1009,0 171,807,285,1024,0
020384.jpg 356,516,484,772,0 486,474,580,734,0
020394.jpg 942,385,1030,661,0
020404.jpg 504,551,625,804,0
020414.jpg 802,13,902,223,0 1003,276,1146,467,0
020424.jpg 573,381,683,603,0 943,135,1043,357,0 961,304,1097,522,0
020434.jpg 315,433,413,683,0 399,403,480,625,0 460,513,579,758,0 798,533,904,775,0 850,784,972,1024,0 1173,693,1280,943,0
020444.jpg 319,391,438,629,0 968,684,1067,941,0 1033,748,1192,1023,0
020454.jpg 873,600,1010,896,0 1027,722,1128,964,0
020464.jpg 304,474,439,668,0
020474.jpg 14,651,142,884,0
020484.jpg 1083,661,1204,885,0 201,888,327,1017,0 1021,695,1123,879,0
020494.jpg 858,544,998,729,0
030004.jpg 1,359,77,599,0 81,1,154,166,0 785,230,903,419,0 444,2,597,98,0
030014.jpg 99,489,202,730,0 190,348,304,608,0 130,794,234,902,0
030024.jpg 359,282,467,535,0 593,763,705,955,0 138,122,219,301,0 163,49,264,194,0
030034.jpg 290,21,377,238,0 440,232,503,399,0
030044.jpg 277,22,389,275,0 707,102,811,338,0 736,254,876,488,0
030054.jpg 837,417,952,653,0
030064.jpg 634,823,762,1024,0 16,890,139,1024,0
030074.jpg 94,1,203,151,0 394,392,504,628,0
030084.jpg 1,1,77,167,0 77,1,143,162,0 63,407,147,641,0 84,385,181,592,0
030094.jpg 808,28,904,197,0 635,551,736,779,0 744,561,838,807,0 1053,926,1184,1022,0 955,2,1027,99,0 707,561,778,810,0
030104.jpg 103,1,176,127,0 102,234,201,460,0 232,181,366,406,0 576,58,658,178,0 878,940,1031,1024,0
030114.jpg 147,522,284,785,0
030124.jpg 151,269,237,483,0 413,1,507,194,0
030134.jpg 616,628,736,825,0
030144.jpg 209,271,290,485,0 263,23,371,200,0 759,330,868,540,0 802,597,941,844,0
030154.jpg 940,789,1065,1024,0
030164.jpg 744,794,900,1011,0
030174.jpg 284,392,402,662,0 379,346,434,600,0 419,300,540,560,0
030184.jpg 964,380,1079,625,0 973,354,1080,592,0
030194.jpg 1065,524,1152,796,0
030204.jpg 231,81,342,291,0 438,49,520,250,0 737,430,852,608,0 1055,582,1187,838,0 1151,534,1260,804,0
030214.jpg 285,691,407,926,0 276,48,379,274,0 541,5,706,200,0
030224.jpg 149,349,253,600,0 769,880,894,1024,0
030234.jpg 5,1,66,224,0 286,234,378,476,0 453,522,591,809,0 553,520,627,770,0 179,1,232,91,0
030244.jpg 367,83,482,247,0 409,42,482,242,0
030254.jpg 527,320,655,569,0
030264.jpg 284,37,368,237,0 265,188,329,398,0 553,203,665,419,0 552,468,656,699,0
030274.jpg 1,58,47,280,0 161,2,254,134,0 119,224,246,459,0 641,554,724,837,0 710,571,778,826,0
030284.jpg 171,134,248,375,0 1,116,30,277,0
030294.jpg 708,539,847,770,0 1105,348,1255,608,0 338,809,436,996,0 1133,381,1280,652,0
030305.jpg 654,26,768,248,0
030315.jpg 1067,405,1156,641,0 599,1,696,82,0 144,1,211,36,0
030325.jpg 367,2,460,220,0 448,1,517,107,0 579,1,670,115,0
030335.jpg 134,236,255,478,0
030345.jpg 382,625,512,773,0 328,750,465,1008,0 402,769,520,973,0
030355.jpg 276,32,382,275,0 1050,810,1173,1024,0
030365.jpg 61,190,193,472,0
030375.jpg 411,280,542,462,0
030385.jpg 130,285,231,496,0 14,159,115,359,0 340,20,462,235,0
030395.jpg 1092,198,1202,391,0 1193,280,1280,505,0
030405.jpg 1,189,102,389,0 1,24,76,207,0 412,59,495,265,0 460,1,561,144,0 593,6,723,172,0
030415.jpg 634,672,790,935,0 10,685,145,900,0 94,711,208,910,0 503,1,602,119,0
030425.jpg 1,360,78,598,0 138,1,203,111,0 178,706,318,955,0 706,134,809,324,0 448,1,596,97,0
030435.jpg 81,2,153,146,0 822,684,966,906,0 981,919,1126,1024,0
030445.jpg 55,300,172,533,0 227,98,323,329,0 1,145,37,285,0
030455.jpg 234,86,345,284,0 441,44,519,249,0 1137,731,1271,935,0
030465.jpg 30,358,121,606,0
040001.jpg 293,249,400,480,0 474,168,567,409,0
040011.jpg 234,439,320,685,0 882,263,985,474,0
040021.jpg 205,348,289,616,0 277,372,344,610,0 708,5,812,220,0
040031.jpg 423,248,497,477,0 623,309,716,566,0 916,250,1016,469,0 976,173,1082,389,0
040042.jpg 762,319,858,579,0 625,80,705,280,0 443,878,565,1024,0
040052.jpg 340,662,450,894,0 551,636,678,910,0 921,1,966,114,0 987,1,1062,146,0
040062.jpg 247,763,363,1005,0
040072.jpg 599,150,673,350,0 861,288,977,493,0 1024,306,1151,505,0 974,589,1158,931,0
040082.jpg 676,508,812,747,0
040092.jpg 823,267,928,500,0 321,771,454,1001,0
040102.jpg 257,729,384,986,0 1,700,82,950,0 417,178,476,400,0 717,38,790,231,0 793,24,847,220,0 955,61,1034,290,0 1027,78,1117,319,0 897,352,1007,533,0 766,858,834,1024,0 853,916,974,1024,0
040112.jpg 111,817,226,1024,0 132,488,216,732,0 205,483,290,739,0 596,574,757,792,0 669,774,782,1008,0 1011,693,1132,965,0 805,196,893,429,0 721,189,813,429,0 639,177,717,382,0 628,16,718,203,0
040122.jpg 82,574,159,811,0 150,554,217,798,0 203,592,290,833,0 286,598,396,885,0 607,573,738,789,0 612,39,678,267,0 658,56,738,263,0 897,867,1011,1024,0
040132.jpg 463,174,561,417,0 184,397,299,663,0
040142.jpg 4,486,80,728,0 115,585,192,765,0 133,669,231,911,0
040152.jpg 251,315,316,544,0 300,305,380,570,0 378,799,500,986,0
040162.jpg 1,783,99,1024,0 282,692,421,950,0 599,569,742,777,0 939,1,994,86,0 990,1,1051,89,0
040172.jpg 7,396,115,666,0 200,805,273,1023,0 261,823,347,1024,0 365,338,446,586,0 927,1,1019,101,0
040182.jpg 217,270,327,529,0 471,121,563,354,0 653,16,731,229,0 996,308,1115,563,0
040192.jpg 700,4,782,202,0 616,1,700,183,0 522,117,569,299,0
040202.jpg 262,379,370,616,0 651,431,782,662,0
040212.jpg 816,365,936,624,0 282,297,363,555,0 381,335,496,569,0 480,119,561,346,0 929,1,1026,109,0
040222.jpg 136,635,257,898,0
040232.jpg 307,761,451,1000,0 249,265,338,489,0 409,211,465,379,0 435,267,511,475,0 461,237,522,429,0 661,9,711,232,0 703,17,763,247,0
040242.jpg 338,224,458,438,0 1135,188,1262,409,0
040252.jpg 612,567,736,790,0 1036,196,1135,383,0 604,120,671,333,0 212,851,353,1017,0
040262.jpg 615,573,736,783,0 262,671,380,913,0 910,3,978,112,0
040272.jpg 359,677,504,931,0 671,635,819,892,0 970,600,1165,931,0 582,127,673,347,0
040282.jpg 176,312,294,539,0 450,204,531,409,0 361,161,461,350,0 631,588,753,835,0 792,759,919,1002,0
040292.jpg 440,189,515,416,0 504,220,566,428,0
040302.jpg 619,411,720,656,0 739,736,865,977,0
040312.jpg 420,232,519,436,0 344,744,481,996,0 936,193,1035,428,0
040322.jpg 20,612,105,879,0 93,646,188,904,0 394,161,492,393,0 915,265,1030,496,0
040332.jpg 832,762,961,969,0
040342.jpg 199,667,328,915,0 826,466,934,594,0
040352.jpg 96,675,197,901,0 286,315,392,547,0 649,93,723,323,0 705,46,784,265,0 613,31,682,235,0
040362.jpg 581,492,724,781,0 103,762,299,1001,0 997,601,1136,932,0 604,155,681,346,0
040372.jpg 70,608,120,835,0 107,611,177,858,0 469,685,588,906,0 447,200,521,436,0 389,198,450,404,0
040382.jpg 119,662,219,919,0 504,808,601,1024,0 580,786,705,1005,0
040392.jpg 253,367,346,594,0 293,292,392,519,0 431,205,524,438,0 600,135,688,359,0
040402.jpg 958,297,1081,547,0
040412.jpg 185,447,257,656,0 251,466,340,685,0 596,601,715,792,0 634,47,688,243,0 673,38,735,280,0
040422.jpg 19,488,135,724,0 184,502,316,739,0 85,751,221,1015,0 447,209,570,439,0 594,25,659,248,0 682,24,773,242,0 936,1,1021,186,0 1155,783,1278,1024,0
040433.jpg 519,544,670,848,0 194,671,317,929,0
040443.jpg 16,498,103,765,0 100,558,176,808,0 186,561,273,808,0 601,40,671,242,0 666,63,731,255,0 730,43,803,265,0 743,17,797,203,0 799,27,847,206,0 965,1,1033,74,0 1009,5,1081,75,0
040453.jpg 508,143,576,348,0
040463.jpg 107,847,246,1024,0 234,898,334,1024,0 204,362,309,597,0 365,282,471,509,0 646,39,712,256,0 712,46,785,252,0
040473.jpg 897,312,1027,544,0 3,790,134,1012,0 674,117,758,332,0 721,25,824,227,0 636,44,705,251,0 609,142,669,345,0 640,1,721,103,0
050008.jpg 187,1,299,236,0 1018,412,1131,673,0
050018.jpg 234,506,346,782,0 871,438,962,685,0 940,440,1057,694,0 1058,224,1159,443,0 1154,143,1249,342,0 917,94,1017,347,0 846,28,934,275,0 744,59,849,325,0
050028.jpg 416,228,567,430,0 910,179,974,441,0 967,200,1032,418,0 1110,95,1197,295,0
050038.jpg 107,333,224,600,0 238,492,347,777,0 611,216,731,497,0 888,429,1008,688,0
050048.jpg 365,60,463,307,0 189,302,261,456,0 113,247,214,430,0
050058.jpg 284,348,416,643,0 196,142,330,373,0 7,454,103,698,0
050068.jpg 213,15,323,247,0 1003,202,1149,462,0
050078.jpg 176,23,280,264,0 1097,189,1207,371,0 1225,75,1280,285,0 1156,308,1262,512,0
050088.jpg 635,494,766,712,0
050098.jpg 362,238,486,478,0
050108.jpg 110,287,191,542,0 419,17,511,260,0 770,223,878,442,0 1042,126,1105,377,0 1061,256,1160,450,0 1201,58,1275,321,0
050118.jpg 28,248,158,481,0 428,450,573,681,0 594,2,701,240,0
050128.jpg 564,144,694,368,0 923,297,1060,514,0 70,250,181,530,0 34,226,124,487,0
050138.jpg 420,2,551,239,0
050148.jpg 832,176,936,377,0 935,78,1043,291,0
050158.jpg 54,4,158,128,0 731,415,886,674,0
050168.jpg 72,97,184,359,0 763,56,845,291,0
050178.jpg 32,391,138,677,0 749,182,884,400,0 585,1,693,210,0
050188.jpg 1,377,67,620,0 220,322,335,519,0 186,225,314,359,0 612,11,725,245,0 653,263,788,471,0 831,521,965,781,0
050198.jpg 462,290,519,402,0 515,321,587,468,0
050208.jpg 71,448,169,617,0 999,343,1077,512,0
050218.jpg 876,51,955,268,0 979,122,1053,364,0 1093,73,1173,316,0
050228.jpg 180,355,286,568,0
050238.jpg 74,289,159,532,0 16,228,100,530,0
050248.jpg 94,139,178,373,0 70,85,162,277,0 624,8,712,247,0
050258.jpg 566,21,662,239,0 819,9,911,239,0 1112,46,1247,316,0
050268.jpg 27,228,180,430,0 1043,161,1143,421,0
050278.jpg 843,169,949,383,0 966,299,1084,509,0 358,197,441,458,0 283,185,375,459,0 206,25,288,290,0 135,47,219,308,0 64,38,162,305,0
050288.jpg 31,432,123,638,0 55,400,155,620,0 258,304,362,535,0 194,36,267,255,0 238,17,336,247,0 578,12,666,194,0
050298.jpg 3,101,72,350,0 444,133,573,377,0 590,164,689,401,0 1139,80,1226,333,0 429,468,553,660,0
050308.jpg 486,451,608,670,0
050318.jpg 704,247,832,481,0
050328.jpg 793,198,877,455,0 866,316,988,538,0 990,12,1059,242,0 1084,77,1157,324,0 1121,119,1204,378,0 1211,81,1280,300,0 40,1,119,63,0 963,1,1101,206,0
050338.jpg 279,108,410,385,0 617,186,754,438,0 1052,166,1113,377,0 1093,194,1162,374,0 1114,73,1223,242,0 486,382,606,625,0 593,442,678,599,0
050348.jpg 175,238,250,498,0 215,289,310,537,0 297,641,438,846,0 1176,450,1275,681,0 469,3,551,203,0 522,1,601,191,0
050358.jpg 85,235,162,527,0 119,306,224,569,0 289,217,416,463,0 458,27,549,266,0 544,32,649,292,0 1169,170,1278,431,0
050368.jpg 212,6,312,259,0 321,120,389,396,0 346,203,451,408,0 1142,154,1249,443,0 1097,465,1220,693,0
050378.jpg 227,30,337,258,0 1032,117,1127,377,0 1109,319,1215,612,0 1199,59,1277,318,0
050388.jpg 855,442,969,677,0 953,455,1059,700,0 990,174,1113,442,0 164,1,248,62,0
050398.jpg 454,8,540,281,0 285,281,391,551,0
050408.jpg 180,31,288,261,0 103,126,217,374,0 362,342,492,538,0 493,490,644,753,0 1130,179,1225,416,0 918,386,996,568,0 875,506,946,697,0 781,482,880,684,0
050418.jpg 206,252,338,512,0 693,262,837,463,0
050428.jpg 493,1,573,219,0 1086,70,1177,237,0
060010.jpg 540,667,614,914,0 663,782,754,1024,0 814,794,951,1024,0 1145,891,1216,1024,0 742,551,863,773,0 714,509,836,719,0 771,492,873,715,0
060020.jpg 70,375,132,554,0 114,371,205,562,0 565,655,646,910,0 662,791,764,1024,0 795,837,925,1024,0
060030.jpg 680,794,750,1024,0 751,788,837,1024,0 958,504,1036,743,0 1069,595,1156,709,0 1091,680,1157,924,0 1154,752,1211,992,0 1180,694,1252,925,0
060040.jpg 222,425,306,668,0 261,442,328,644,0 465,672,537,891,0
060050.jpg 152,321,236,543,0 1034,563,1139,770,0
060060.jpg 877,489,983,740,0 931,492,1000,737,0 108,953,181,1024,0
060070.jpg 425,528,550,780,0 691,848,819,1024,0 1162,769,1244,1017,0 1229,745,1278,936,0 1003,577,1107,756,0 1070,566,1165,703,0
060080.jpg 353,737,433,992,0 1154,803,1233,1024,0
060090.jpg 914,686,1009,898,0 927,640,1015,857,0 988,617,1058,854,0 1165,440,1246,655,0 1218,592,1280,820,0 1087,895,1167,1022,0
060100.jpg 2,778,87,966,0 477,780,614,1019,0 1065,887,1191,1024,0 1167,882,1245,1024,0 1118,571,1198,681,0 1177,569,1280,744,0
060110.jpg 417,520,504,740,0 468,484,553,705,0 1028,520,1099,755,0 1070,476,1140,697,0 303,784,392,1022,0 375,789,472,1024,0
060120.jpg 76,317,183,545,0 754,801,844,1024,0 826,827,897,1024,0 902,863,1001,1024,0
060130.jpg 221,379,310,592,0 1180,536,1262,650,0
060140.jpg 1184,387,1264,620,0 1156,533,1244,666,0 9,773,113,965,0
060150.jpg 1153,540,1250,657,0 1166,391,1262,610,0 9,756,92,920,0
060160.jpg 1029,721,1092,966,0 1110,861,1227,1024,0 1086,443,1152,661,0 1218,591,1277,840,0
060170.jpg 1074,444,1154,669,0 1032,722,1097,966,0 279,786,405,977,0 145,947,259,1024,0 404,917,546,1024,0
060180.jpg 376,773,480,976,0 1140,537,1256,670,0 1162,390,1267,614,0
060190.jpg 494,534,573,755,0 995,569,1104,758,0 1081,584,1163,705,0
060200.jpg 96,914,213,1024,0 686,792,758,1024,0 748,798,841,1024,0 930,634,995,876,0 998,701,1056,946,0 1019,645,1093,872,0 1071,595,1165,710,0 959,507,1036,720,0
060210.jpg 176,354,271,564,0 462,626,548,873,0 614,642,703,873,0 122,821,228,1010,0 814,651,899,894,0 882,610,977,864,0 1096,471,1165,705,0
060220.jpg 708,462,790,700,0 1091,828,1185,1022,0 823,832,881,1024,0 765,800,834,1024,0
060230.jpg 423,493,512,732,0 775,614,854,868,0 1183,621,1279,803,0 710,578,791,813,0 669,532,742,766,0 632,480,719,710,0 573,564,654,806,0
060240.jpg 362,513,432,731,0 426,485,519,728,0 749,609,829,823,0 785,578,871,805,0 843,560,940,781,0 993,570,1095,756,0 1073,566,1165,696,0
060250.jpg 676,810,792,998,0 730,895,832,1021,0 822,921,889,1023,0 911,626,975,862,0 1000,680,1097,929,0 1032,595,1123,832,0 1141,743,1230,986,0 1149,643,1224,852,0 1207,621,1279,807,0
060260.jpg 91,341,188,577,0 180,381,251,558,0 1112,491,1237,720,0 1121,448,1202,663,0
060270.jpg 984,617,1061,747,0 1069,609,1157,769,0 879,895,994,1024,0
060280.jpg 1248,545,1280,742,0 408,813,514,986,0
060290.jpg 527,889,620,1024,0
060300.jpg 758,536,898,762,0 1171,539,1265,655,0
060310.jpg 389,417,476,629,0 392,402,494,613,0
060320.jpg 21,825,170,1019,0 1152,711,1236,936,0 1214,703,1280,924,0 1020,522,1116,753,0 1099,458,1183,664,0
060330.jpg 1104,636,1222,898,0 1090,555,1188,751,0 1116,530,1214,749,0 569,664,638,910,0 665,791,764,1024,0 818,805,958,1021,0
060340.jpg 1027,722,1102,975,0 1177,543,1254,763,0 1073,462,1164,691,0 756,827,837,1016,0
060350.jpg 673,865,755,1023,0 1106,570,1204,711,0 1196,543,1269,658,0
060360.jpg 923,780,1016,1013,0 632,854,727,1024,0 700,893,771,1024,0
060370.jpg 417,464,495,686,0 3,741,91,925,0 308,769,447,989,0 881,864,991,1022,0
060380.jpg 124,302,233,543,0
060390.jpg 774,508,859,761,0 790,514,878,740,0 1007,620,1091,863,0 1104,634,1214,888,0
060400.jpg 691,484,782,732,0 723,493,816,715,0 1096,585,1177,825,0 1199,568,1280,818,0 82,910,155,1024,0
060410.jpg 65,430,128,671,0 112,440,169,668,0 522,768,603,1020,0 1070,884,1203,1024,0 1184,888,1258,1024,0 1133,504,1217,670,0 1232,532,1278,626,0
060420.jpg 627,491,758,715,0 1177,535,1273,650,0
060430.jpg 895,744,976,1009,0 789,702,851,948,0 983,528,1105,785,0
060440.jpg 1161,390,1254,606,0 1150,526,1243,656,0 347,814,478,1016,0 1084,842,1213,1024,0
060450.jpg 2,317,71,511,0 892,606,990,840,0 979,583,1057,806,0
060460.jpg 905,577,984,790,0 837,550,932,800,0
060470.jpg 799,851,914,1024,0 1057,507,1137,727,0 1127,499,1214,666,0
060480.jpg 847,509,938,730,0 132,796,263,1010,0
060490.jpg 455,499,552,737,0 1213,554,1280,692,0
060500.jpg 419,391,487,606,0 968,763,1102,1014,0 1122,508,1214,741,0
060510.jpg 454,428,541,653,0 978,611,1062,746,0 1057,609,1148,768,0
070005.jpg 15,819,84,1024,0 91,820,171,1024,0 149,723,236,947,0 210,593,293,818,0 664,261,721,490,0
070015.jpg 746,915,886,1024,0 923,921,1062,1024,0 218,660,277,832,0 291,657,362,861,0 238,510,353,754,0 354,555,432,769,0
070025.jpg 1220,248,1280,471,0
070035.jpg 449,821,559,1024,0 368,400,439,613,0 724,223,791,439,0
070045.jpg 253,549,340,797,0
070055.jpg 1214,208,1280,388,0 359,507,434,734,0 370,360,439,538,0 462,376,524,591,0
070065.jpg 763,581,857,755,0 463,400,528,638,0 694,196,757,398,0
070075.jpg 799,604,922,788,0
070085.jpg 1116,429,1218,634,0 188,485,270,712,0 334,520,411,736,0 83,929,211,1024,0 273,811,390,1024,0 594,829,705,1024,0 1027,75,1096,254,0
070095.jpg 680,689,791,879,0 868,156,914,334,0
070105.jpg 761,193,828,398,0
070115.jpg 383,419,482,646,0
070125.jpg 510,335,593,567,0
070135.jpg 782,781,894,967,0 1225,283,1280,434,0
070145.jpg 984,676,1016,834,0 685,873,714,1017,0 478,710,601,926,0 322,700,395,924,0 179,678,281,908,0
070155.jpg 657,474,771,710,0 700,425,772,634,0 771,433,831,664,0 480,329,557,543,0 544,331,608,542,0 682,251,742,459,0
070165.jpg 602,849,683,995,0 582,787,720,1024,0 299,482,377,712,0
070175.jpg 105,755,199,981,0
070185.jpg 262,617,351,826,0 466,396,525,589,0 524,397,593,602,0 543,273,611,500,0 665,333,708,536,0
070195.jpg 108,688,201,900,0 140,618,220,841,0 39,643,101,878,0 19,682,50,789,0 1037,106,1100,296,0 978,131,1028,279,0
070205.jpg 712,189,770,400,0 466,387,541,602,0 424,436,501,663,0 146,651,222,882,0
070215.jpg 1165,227,1253,398,0 951,565,1040,769,0 1033,547,1083,763,0 217,535,302,747,0
070225.jpg 636,849,688,992,0 585,813,724,1024,0 536,707,641,931,0 260,928,331,1024,0
070236.jpg 928,548,1036,751,0 129,528,209,753,0 265,566,347,784,0 20,894,137,1024,0 328,926,436,1024,0
070246.jpg 556,902,715,1024,0 519,790,633,969,0 665,326,719,526,0 578,332,608,511,0
070256.jpg 267,641,381,864,0 187,610,268,833,0
070266.jpg 1127,343,1230,498,0 1215,420,1280,603,0 551,273,609,461,0 587,372,608,564,0
070276.jpg 621,842,682,995,0 123,815,194,1024,0 1093,395,1187,592,0 583,799,724,1024,0
070286.jpg 198,626,300,833,0 308,653,383,874,0 390,747,514,973,0 682,873,715,1018,0 985,675,1018,834,0
070296.jpg 1015,341,1106,572,0 200,872,330,1024,0
070306.jpg 551,314,608,541,0
070317.jpg 802,619,895,808,0 438,877,565,1024,0 698,204,762,401,0
070327.jpg 986,673,1017,834,0 682,876,715,1024,0 241,891,357,1024,0
070337.jpg 1030,570,1132,758,0 607,846,689,994,0 581,772,727,1024,0 185,979,246,1024,0 129,623,212,861,0
070347.jpg 421,380,508,604,0
070357.jpg 85,864,163,1024,0 1,978,51,1024,0
070367.jpg 986,678,1018,836,0 685,876,716,1016,0 352,766,478,991,0 343,556,414,769,0 214,518,310,747,0
070377.jpg 557,265,609,470,0
070387.jpg 814,562,918,772,0
070397.jpg 893,479,1008,668,0 669,199,747,404,0
070407.jpg 265,486,353,704,0 980,497,1097,678,0
070417.jpg 490,778,589,963,0 937,630,1038,822,0
070427.jpg 406,821,532,1024,0 1159,779,1271,990,0
070437.jpg 464,339,530,561,0
070447.jpg 592,518,678,744,0 556,493,622,725,0 390,517,440,749,0 334,407,416,623,0 419,413,505,616,0 473,318,564,527,0 576,355,610,508,0 1122,65,1197,247,0 1031,44,1115,219,0
080003.jpg 986,34,1074,259,0 365,339,475,524,0 440,360,527,524,0 1044,888,1136,1024,0
080013.jpg 87,825,191,1019,0 756,16,825,230,0
080023.jpg 764,438,884,618,0 718,13,810,203,0 878,697,1031,964,0
080033.jpg 372,351,475,564,0 864,955,981,1024,0 440,398,508,544,0
080043.jpg 1090,194,1155,430,0 1143,191,1208,401,0
080053.jpg 544,776,664,1024,0 1046,595,1147,870,0 1095,684,1201,964,0
080063.jpg 879,557,1037,784,0
080073.jpg 1084,888,1174,1024,0 789,41,867,259,0 454,17,518,217,0
080083.jpg 518,461,637,639,0 1092,895,1205,1024,0
080093.jpg 559,475,665,668,0 121,259,234,446,0 403,743,519,948,0 738,454,868,709,0
080103.jpg 790,684,879,955,0 935,751,1073,980,0 1183,844,1280,1011,0 700,1,786,218,0
080114.jpg 402,58,471,268,0 475,107,533,263,0 681,727,786,1016,0 1244,749,1279,962,0
080124.jpg 91,248,188,414,0 1158,701,1264,978,0
080134.jpg 186,871,337,1024,0 1013,128,1199,390,0 807,562,992,819,0
080144.jpg 476,619,592,827,0 968,126,1071,369,0 1159,506,1242,751,0
080154.jpg 746,237,851,503,0
080164.jpg 946,158,1015,374,0 981,130,1054,341,0
080176.jpg 1108,684,1225,936,0 675,13,733,243,0
080186.jpg 955,476,1074,696,0
080196.jpg 725,670,814,941,0 987,776,1115,1024,0
080206.jpg 1044,175,1124,393,0 1093,136,1156,359,0 1143,137,1206,352,0
080216.jpg 696,641,845,915,0 918,739,1035,972,0 1023,762,1141,1024,0 1024,81,1127,316,0 851,34,979,285,0
080226.jpg 196,246,333,491,0 729,774,864,1024,0 1077,579,1149,748,0 1051,623,1142,907,0 1127,678,1213,918,0
080236.jpg 1188,776,1280,1024,0 862,144,941,360,0 901,98,987,297,0 1233,808,1280,1024,0
080246.jpg 89,17,191,244,0 161,516,291,735,0 978,123,1060,376,0 932,793,1038,1024,0 1029,822,1120,978,0
080256.jpg 868,564,967,837,0 1080,439,1180,689,0 874,871,974,1024,0 466,39,546,214,0
080266.jpg 26,2,107,212,0 240,3,296,216,0 301,1,388,209,0 731,243,821,505,0 1025,802,1179,1008,0
080276.jpg 1142,290,1236,549,0 1225,314,1279,531,0
080286.jpg 164,279,294,492,0 373,417,495,645,0
080296.jpg 986,118,1093,383,0 382,577,516,819,0 526,526,668,775,0 827,536,982,764,0 915,724,1022,884,0 9,469,169,664,0
080306.jpg 1,200,101,388,0 615,353,736,591,0 956,506,1079,737,0
080316.jpg 752,10,842,199,0 467,586,578,867,0 559,570,673,876,0 865,429,980,681,0
080326.jpg 422,435,562,665,0 903,62,994,290,0 283,344,395,480,0
080336.jpg 998,127,1088,395,0 1005,613,1180,834,0 923,786,1079,990,0 7,346,136,581,0
080346.jpg 292,275,412,461,0 308,375,417,559,0 1083,529,1208,748,0
080356.jpg 154,297,244,464,0 200,317,292,499,0 874,695,1000,966,0
080366.jpg 3,213,92,436,0 701,642,860,965,0 1071,774,1210,1024,0 671,8,762,198,0
080376.jpg 635,433,773,629,0 730,65,848,298,0 1046,62,1176,295,0 1219,598,1280,733,0
080387.jpg 440,320,579,531,0 608,457,735,760,0 465,698,556,928,0 515,757,599,1024,0 970,743,1100,1024,0
080397.jpg 754,105,861,353,0 129,273,253,482,0 854,894,1020,1024,0
080407.jpg 953,776,1068,1024,0 439,39,557,153,0
080418.jpg 74,199,197,395,0 965,606,1082,793,0 1147,548,1280,739,0
080428.jpg 104,223,215,433,0 726,667,810,943,0 991,775,1114,1024,0 723,6,801,171,0
080438.jpg 770,624,907,860,0 349,924,460,1024,0
080448.jpg 207,162,256,303,0 261,51,319,291,0 315,136,373,285,0
080458.jpg 851,800,939,1024,0 936,815,1017,1024,0
080468.jpg 312,440,432,655,0 678,731,796,1012,0
080478.jpg 530,448,651,627,0 1,162,56,384,0
080488.jpg 644,880,746,1024,0 736,930,819,1024,0 894,748,1013,1024,0 1124,801,1206,1024,0 1112,673,1185,892,0 1169,669,1250,916,0 1233,659,1280,887,0
080498.jpg 68,267,166,479,0 718,60,824,297,0
080508.jpg 668,636,816,881,0 1118,656,1270,940,0
080518.jpg 449,725,630,1024,0 741,63,930,306,0
080528.jpg 843,511,972,714,0
080538.jpg 898,75,999,311,0 1013,661,1159,881,0 714,674,856,933,0 430,598,558,869,0
080548.jpg 731,559,881,845,0 448,863,619,1024,0 1146,757,1280,1022,0
080558.jpg 305,625,402,922,0 621,727,743,976,0
080569.jpg 106,298,238,495,0
080579.jpg 70,309,184,497,0
080589.jpg 676,513,826,732,0 1,279,81,508,0 378,325,497,582,0
080599.jpg 689,684,860,987,0 575,473,665,628,0
080609.jpg 96,434,224,639,0 343,651,441,882,0
080619.jpg 722,651,856,933,0 469,412,578,574,0
080629.jpg 980,119,1074,389,0 680,520,816,713,0 360,668,489,932,0 10,462,125,682,0 1185,661,1257,933,0 759,582,847,737,0 1249,670,1280,837,0
080639.jpg 793,76,867,306,0 517,400,601,633,0 762,775,849,978,0 749,908,838,1024,0 930,820,1015,1021,0 997,797,1075,1021,0
080649.jpg 3,219,52,406,0 29,236,96,397,0 836,60,931,270,0
080659.jpg 332,213,386,343,0 398,136,455,340,0 461,63,516,322,0
080669.jpg 438,403,573,641,0 831,426,940,634,0 939,528,1047,768,0 1104,606,1256,852,0
080679.jpg 972,511,1157,775,0 103,302,245,532,0 338,267,486,505,0
080689.jpg 594,421,729,628,0 810,422,951,665,0 962,692,1070,921,0 1075,665,1216,927,0 1197,694,1280,959,0 44,972,112,1024,0 207,955,299,1024,0 481,953,571,1024,0
080699.jpg 1047,493,1158,676,0 1100,193,1171,429,0 1174,197,1240,413,0 1154,889,1257,1024,0
080710.jpg 1097,563,1196,801,0 1196,619,1253,793,0
080720.jpg 662,518,836,786,0 1059,735,1211,1024,0 1043,101,1157,322,0
080730.jpg 1040,124,1164,390,0
080740.jpg 856,76,955,309,0 1012,54,1113,275,0
080750.jpg 8,152,101,342,0 1145,702,1280,974,0 62,189,140,369,0
080760.jpg 339,420,426,594,0 897,833,1015,1024,0
080770.jpg 539,146,623,400,0 637,123,726,360,0 728,236,839,496,0 804,215,882,464,0 893,214,989,453,0 1006,128,1093,405,0
080780.jpg 430,310,558,504,0 1006,517,1135,682,0 1189,186,1278,416,0
080790.jpg 1,257,86,452,0
080800.jpg 980,126,1083,342,0 946,705,1038,980,0 1031,737,1118,1000,0 1092,777,1172,1024,0
080811.jpg 737,251,833,510,0 1148,273,1247,534,0 1212,220,1280,487,0
080821.jpg 94,366,218,587,0 836,675,992,912,0
080831.jpg 1,370,103,646,0 94,671,238,971,0 634,727,756,992,0
080841.jpg 37,484,146,709,0 286,553,410,767,0 208,707,322,952,0
080851.jpg 441,601,556,875,0 526,611,644,880,0 845,40,939,275,0
080861.jpg 471,585,573,891,0 570,594,659,875,0 1074,75,1163,300,0
080871.jpg 853,784,986,1016,0
080882.jpg 524,340,662,566,0 968,481,1092,674,0 19,208,151,442,0
080892.jpg 129,313,279,505,0 415,593,531,887,0 788,448,885,625,0 723,660,876,931,0 1003,633,1173,911,0
080902.jpg 844,497,972,718,0
080912.jpg 249,724,381,1024,0 391,17,524,322,0
080922.jpg 304,114,421,368,0 410,66,538,309,0 725,242,824,513,0
080932.jpg 87,294,256,541,0 460,333,603,568,0 1135,853,1269,1024,0 769,769,851,897,0
080942.jpg 669,353,844,581,0 696,639,877,928,0 929,744,1044,892,0 894,803,1039,1024,0 1210,533,1280,732,0 1218,837,1279,1024,0
080952.jpg 611,832,719,1024,0
080962.jpg 558,478,673,723,0 612,159,688,383,0 991,125,1089,382,0 187,76,292,305,0 210,3,277,156,0 272,34,353,283,0 328,15,404,241,0 128,7,204,213,0
080972.jpg 41,312,165,496,0 901,833,1013,1024,0 1235,758,1280,836,0
080982.jpg 755,506,908,736,0 997,123,1105,383,0 1172,661,1261,935,0 1255,666,1280,835,0
080992.jpg 925,793,1005,1020,0 991,804,1063,1024,0 1189,845,1272,1024,0
081002.jpg 1217,473,1280,705,0
081012.jpg 544,707,687,924,0 999,125,1086,373,0 1169,972,1231,1024,0
081022.jpg 153,279,289,524,0 919,498,1084,728,0 948,738,1092,954,0 764,3,868,271,0
081032.jpg 935,782,1049,1024,0
081042.jpg 844,636,978,850,0 628,769,705,991,0 659,882,782,1024,0
081052.jpg 74,2,153,247,0 149,53,210,241,0
081062.jpg 1021,159,1145,402,0 802,25,941,265,0 480,471,594,675,0 160,292,270,536,0 355,300,446,478,0
081072.jpg 140,255,245,472,0 290,337,382,536,0 432,594,554,872,0 537,602,637,878,0 735,520,854,790,0 1036,510,1148,731,0
081082.jpg 879,7,964,202,0 716,630,864,929,0 892,789,1044,1022,0 1030,750,1150,1024,0
081092.jpg 798,688,893,891,0 718,771,842,980,0 951,101,1056,308,0
081102.jpg 589,449,735,709,0 1030,846,1157,1024,0 783,908,875,1024,0 870,906,973,1024,0 1003,819,1108,993,0
081112.jpg 1148,750,1280,1013,0 1193,792,1280,1020,0 37,297,140,488,0 104,334,180,510,0
081122.jpg 353,346,435,556,0
081132.jpg 827,43,946,279,0
081142.jpg 935,521,1037,711,0 1003,579,1077,730,0 555,675,664,920,0 674,694,773,943,0 747,705,831,974,0 841,720,946,1000,0 997,711,1134,964,0 1087,755,1156,1022,0 1168,883,1256,1024,0
081152.jpg 710,395,847,598,0 462,427,585,658,0 1,233,72,411,0
081162.jpg 156,574,259,755,0 89,671,199,845,0 259,819,408,1024,0 553,490,668,707,0
081172.jpg 784,171,866,397,0 900,161,993,386,0 1048,70,1121,280,0 887,674,987,925,0 940,744,1078,979,0 1154,586,1269,809,0
081182.jpg 425,459,543,685,0 91,826,192,1024,0 438,744,583,975,0
081192.jpg 359,334,468,505,0 797,659,880,922,0 903,682,974,966,0 897,631,988,884,0 1075,759,1163,997,0 1102,688,1234,936,0 1136,901,1224,1024,0
081202.jpg 427,601,553,868,0 540,599,629,884,0 782,62,887,269,0 935,74,1005,287,0 974,42,1047,260,0 758,15,826,175,0
081212.jpg 1100,193,1158,430,0 1148,197,1209,403,0
081222.jpg 138,325,268,557,0 989,108,1091,328,0
081232.jpg 346,333,421,563,0
081242.jpg 486,401,614,605,0 21,271,146,460,0 191,249,302,407,0
081252.jpg 846,189,962,435,0 454,919,535,1024,0 668,16,746,224,0
081262.jpg 454,647,583,875,0 568,610,686,879,0 715,429,852,658,0 1182,652,1280,914,0
081272.jpg 216,463,330,643,0 687,726,793,1007,0 1045,213,1104,431,0 1110,259,1156,425,0 1068,586,1185,816,0 1240,723,1280,952,0
081282.jpg 602,644,730,920,0 760,661,916,985,0 763,425,880,652,0
081292.jpg 777,470,905,660,0 268,293,381,480,0
081302.jpg 190,221,298,422,0 360,324,467,505,0 826,426,950,619,0 969,568,1090,788,0 1221,597,1280,758,0 556,678,658,914,0 655,707,749,961,0 748,707,841,971,0 816,735,909,1021,0 986,713,1135,969,0 996,811,1069,1023,0 1133,885,1243,1024,0
081312.jpg 1080,885,1173,1024,0 1003,172,1094,389,0 1065,139,1121,362,0
081322.jpg 793,96,884,288,0 899,45,1011,256,0 1187,685,1275,910,0
081332.jpg 590,364,721,574,0 789,534,898,768,0 703,650,880,935,0 936,733,1041,996,0 1016,773,1140,1024,0 1112,632,1215,808,0
081342.jpg 577,576,686,825,0 740,663,864,941,0
081352.jpg 227,911,307,1024,0 408,947,489,1024,0 565,874,677,1020,0 1218,488,1280,673,0 929,53,1004,266,0 729,30,826,233,0 805,1,884,188,0
081362.jpg 32,669,177,930,0 138,965,202,1024,0 961,117,1077,378,0
081372.jpg 969,128,1078,384,0
081382.jpg 190,262,302,467,0 577,463,696,668,0 989,444,1118,636,0
081392.jpg 89,301,173,493,0 138,310,215,458,0 664,405,753,566,0
081402.jpg 863,658,950,911,0
081412.jpg 999,494,1132,776,0 622,724,738,995,0
081422.jpg 137,471,264,694,0 781,571,927,770,0 775,711,941,930,0
081432.jpg 583,776,764,1024,0 573,482,745,719,0
081442.jpg 533,490,686,714,0 787,273,916,532,0 1230,209,1280,435,0
081452.jpg 926,855,1051,1024,0 397,387,476,589,0 472,409,538,608,0
081462.jpg 1148,188,1234,408,0 1110,145,1176,335,0
081472.jpg 982,126,1090,378,0 111,422,259,615,0 232,59,335,293,0 308,41,406,273,0
081482.jpg 1088,124,1241,359,0
081492.jpg 925,430,1041,644,0 778,686,874,956,0 929,762,1074,981,0 1198,846,1280,1007,0
081502.jpg 1105,86,1213,287,0
081512.jpg 1035,675,1141,935,0 1175,687,1268,973,0
081522.jpg 878,449,1037,696,0
090005.jpg 574,189,614,329,0 659,147,756,388,0 1110,366,1179,620,0 1190,366,1274,637,0 843,604,971,800,0
090015.jpg 782,692,903,1024,0
090025.jpg 540,554,658,805,0 735,450,892,700,0
090035.jpg 803,494,919,693,0 215,641,316,912,0 339,674,448,937,0 549,658,659,921,0 530,731,619,999,0 664,751,751,1006,0 774,938,885,1024,0 1155,894,1276,1024,0
090045.jpg 751,207,887,468,0
090055.jpg 103,1,208,173,0 478,487,558,757,0 563,495,679,749,0 926,471,1018,718,0 943,562,1016,810,0 1013,586,1100,828,0
090065.jpg 319,175,474,456,0 1215,486,1280,725,0
090075.jpg 375,70,470,357,0 560,725,600,845,0 603,752,631,879,0 639,782,717,1024,0 719,743,831,1024,0 523,861,633,1024,0
090085.jpg 986,647,1117,902,0 935,908,1004,1024,0
090095.jpg 321,159,465,419,0 1220,475,1280,670,0
090105.jpg 892,251,1007,484,0 1073,297,1154,544,0 1138,242,1268,484,0 1182,387,1264,663,0
090115.jpg 191,672,274,949,0 266,699,351,960,0 1007,698,1152,939,0 215,30,281,241,0 274,1,339,227,0
090125.jpg 479,137,581,329,0 694,800,912,1024,0
090135.jpg 870,602,1022,846,0
090145.jpg 299,744,356,962,0 386,766,446,938,0 446,821,531,979,0 760,680,912,946,0
090155.jpg 1169,448,1258,711,0 1249,526,1279,787,0
090165.jpg 1211,306,1280,503,0 1232,512,1280,669,0
090175.jpg 916,587,1068,866,0 1146,616,1234,866,0 1183,641,1280,918,0
090185.jpg 534,157,601,376,0
090195.jpg 646,707,818,1018,0
090205.jpg 347,51,395,218,0 394,183,465,405,0 408,407,478,623,0 136,511,239,727,0 347,638,442,808,0 705,554,803,830,0 665,815,788,1024,0
090215.jpg 1182,393,1258,663,0 1195,331,1275,568,0
090225.jpg 137,69,210,286,0 197,51,278,280,0 747,700,880,916,0 914,458,1028,712,0 1046,519,1130,771,0 1127,532,1204,774,0
090235.jpg 540,119,636,319,0
090245.jpg 754,792,859,951,0
090255.jpg 784,214,872,434,0 908,275,1000,522,0 989,216,1105,451,0 1176,391,1261,664,0
090265.jpg 178,57,261,327,0 260,91,317,291,0 397,754,569,1018,0
090275.jpg 109,678,208,960,0 268,765,345,1024,0 438,779,518,1024,0 561,812,712,1024,0 995,266,1106,482,0 1091,166,1200,463,0
090285.jpg 1045,331,1139,567,0 1131,315,1236,534,0 1061,243,1133,432,0 1132,237,1240,469,0 595,574,687,833,0 657,618,768,873,0
090295.jpg 113,250,202,495,0 208,223,306,361,0 9,860,103,1024,0
090305.jpg 1083,189,1161,408,0 1170,528,1264,785,0 2,766,103,1007,0
090315.jpg 517,534,635,717,0 750,805,886,982,0
090325.jpg 862,700,977,974,0 950,706,1034,924,0
090335.jpg 617,724,741,863,0 556,828,716,1024,0 351,727,465,939,0 258,778,368,1024,0 527,553,621,698,0 692,162,850,425,0
090345.jpg 235,10,281,77,0 345,106,419,315,0 421,92,474,319,0 128,536,251,814,0
090355.jpg 215,584,321,843,0 506,68,580,265,0
090365.jpg 1122,375,1179,604,0 1157,357,1231,629,0
090375.jpg 6,599,91,846,0 109,573,170,842,0 168,615,256,872,0 321,714,414,998,0 408,716,497,1020,0 597,735,682,957,0 788,886,856,959,0 1002,890,1090,1024,0 1105,938,1173,1024,0 804,248,882,443,0 963,251,1036,457,0 1036,215,1118,430,0
090385.jpg 743,646,785,869,0 784,680,870,970,0 554,815,659,1024,0 448,838,559,1024,0 360,898,445,1024,0 266,35,342,282,0
090395.jpg 184,773,320,1024,0 576,838,692,1024,0 652,723,750,848,0
090405.jpg 400,683,530,944,0 1080,733,1177,978,0
090415.jpg 1124,356,1155,572,0 1151,362,1218,621,0
090425.jpg 372,186,472,380,0 389,386,487,634,0 132,514,238,746,0 342,646,439,802,0 699,829,814,1017,0 798,516,910,674,0 1100,177,1215,430,0
090435.jpg 254,10,350,214,0 768,674,832,914,0 836,682,935,965,0 1168,561,1263,810,0
090445.jpg 618,154,726,279,0 13,470,48,635,0 54,456,118,690,0 1117,352,1155,554,0 1166,345,1217,635,0
090455.jpg 35,278,122,583,0 130,254,183,463,0
090465.jpg 25,30,93,242,0 88,1,162,191,0 151,12,241,241,0 169,1,249,153,0 528,531,633,717,0 478,513,586,718,0 837,695,980,975,0 944,704,1029,931,0 980,614,1061,811,0 1022,656,1131,830,0
090475.jpg 658,871,763,1024,0
090485.jpg 190,602,282,815,0 950,233,1029,438,0
090495.jpg 361,178,446,350,0 392,351,495,569,0 1,462,111,691,0 307,648,422,796,0 1187,479,1280,755,0
090505.jpg 558,496,669,719,0
090515.jpg 466,146,528,306,0 532,126,592,332,0 150,5,215,157,0 76,601,205,844,0
090525.jpg 418,373,508,619,0 505,378,594,623,0 577,87,633,284,0 931,463,1016,714,0 1049,521,1133,762,0 1128,537,1200,770,0
090535.jpg 1107,177,1221,410,0
090545.jpg 1170,600,1280,852,0 404,646,528,842,0
090555.jpg 732,455,815,729,0 605,518,720,743,0 135,665,313,930,0 452,799,555,1024,0 824,879,930,1024,0
090565.jpg 732,475,833,708,0 1026,629,1093,899,0 821,860,946,1024,0 426,788,548,1024,0 164,672,306,975,0
090575.jpg 416,135,474,301,0 473,98,560,321,0
090585.jpg 117,49,212,291,0 199,20,290,237,0 838,626,972,857,0 1182,376,1257,661,0
090595.jpg 184,388,296,653,0 741,455,820,711,0 1160,348,1272,593,0 828,859,933,1024,0 439,782,522,1024,0
090605.jpg 803,101,886,373,0
090615.jpg 200,91,272,301,0 235,55,315,283,0
090625.jpg 215,580,316,843,0 566,115,674,297,0
090635.jpg 156,693,274,942,0 804,544,920,742,0 845,526,999,763,0
090645.jpg 550,121,622,345,0 605,94,711,330,0 374,771,493,1024,0
090655.jpg 556,648,649,911,0 658,693,691,999,0 702,742,787,1010,0 1015,593,1148,836,0
090665.jpg 1084,618,1219,865,0
090675.jpg 278,544,374,787,0 548,598,681,809,0 1001,623,1119,833,0 1002,783,1131,1024,0 1091,774,1185,1024,0 1139,561,1225,780,0 1192,568,1280,846,0
090685.jpg 779,187,908,414,0 1149,465,1257,764,0 952,907,1071,1024,0 608,745,761,971,0 412,752,513,1003,0 302,697,414,992,0 192,606,275,892,0 50,586,185,863,0 3,637,51,921,0
090695.jpg 708,464,806,690,0 1185,336,1265,586,0 466,614,577,802,0 449,811,558,999,0 829,888,929,1024,0
090705.jpg 1183,380,1267,664,0 983,789,1117,1000,0
090715.jpg 169,43,257,258,0 283,91,375,301,0 347,54,428,275,0 1,608,97,887,0 76,563,181,855,0 149,609,244,897,0 284,717,404,975,0 409,726,485,1015,0 592,746,729,1019,0 1077,799,1159,958,0
090725.jpg 372,174,509,372,0 344,367,492,631,0 231,484,344,688,0 134,502,228,748,0 362,660,459,846,0 764,559,862,819,0 887,789,1054,1020,0
090735.jpg 339,105,413,295,0 402,53,486,298,0 41,408,140,624,0 336,682,468,968,0 691,788,763,966,0 758,788,806,915,0 848,843,970,1010,0
090745.jpg 921,605,1034,877,0 1086,257,1190,480,0 1126,598,1229,853,0 1156,652,1279,926,0
090755.jpg 851,707,981,972,0 947,709,1027,931,0 999,620,1127,869,0 786,187,867,406,0 826,128,911,374,0 865,160,951,406,0 963,157,1069,375,0
090765.jpg 1002,963,1066,1024,0 591,878,733,1024,0 421,684,534,943,0 439,495,584,744,0
090775.jpg 65,701,201,905,0 374,692,474,968,0 500,778,550,1024,0 611,800,692,1003,0 622,661,731,799,0
090785.jpg 893,716,1068,1007,0
090795.jpg 212,578,318,833,0 138,1,228,189,0
090805.jpg 349,10,433,258,0 160,659,261,891,0 341,698,483,958,0
090815.jpg 1212,203,1280,437,0 929,446,1015,666,0
090826.jpg 156,654,264,889,0 332,690,469,947,0 549,834,685,1024,0
090836.jpg 4,637,37,960,0 28,608,87,919,0 79,669,157,944,0 142,812,206,1021,0 224,811,295,919,0 223,907,373,1015,0 268,557,426,797,0 974,541,1112,828,0
090846.jpg 454,483,587,693,0 199,685,287,945,0 269,694,373,961,0
090856.jpg 202,46,274,276,0 259,47,366,263,0 855,285,947,500,0 953,250,1055,480,0
090866.jpg 138,739,309,1012,0
090876.jpg 360,189,471,378,0 364,385,450,642,0 135,511,252,732,0 345,659,440,806,0 804,532,911,785,0 710,789,811,1024,0
090886.jpg 223,592,321,837,0 192,453,312,647,0
090896.jpg 822,138,910,383,0 606,733,716,1024,0 235,829,316,1023,0 317,893,393,1024,0
090906.jpg 130,2,247,187,0 222,75,305,298,0 785,635,933,918,0 969,658,1098,882,0 1142,657,1279,926,0
090916.jpg 479,126,581,341,0 23,937,77,1024,0
090926.jpg 922,141,972,396,0 1028,483,1088,724,0 1110,488,1182,743,0 357,595,502,888,0
090936.jpg 1117,373,1160,644,0 1176,397,1232,645,0 308,853,420,1014,0 422,884,496,1024,0
090946.jpg 311,78,435,347,0
090956.jpg 151,1,248,207,0 598,541,713,794,0 406,686,533,946,0 617,862,743,1024,0
090966.jpg 888,134,981,363,0
090976.jpg 399,234,477,462,0 471,224,555,461,0
090986.jpg 152,2,267,198,0
090996.jpg 96,524,210,723,0 767,664,909,857,0
091006.jpg 924,235,1015,453,0 1108,388,1228,643,0 59,635,141,936,0
091016.jpg 501,793,677,996,0
091026.jpg 540,163,617,343,0
091036.jpg 549,517,688,799,0 732,797,870,1024,0
091046.jpg 147,1,253,166,0 208,429,331,642,0 814,748,950,1024,0
091056.jpg 959,546,1018,803,0 1023,581,1077,832,0 1139,617,1221,870,0
091066.jpg 201,585,318,842,0 651,76,717,284,0
091076.jpg 746,796,894,961,0 1097,961,1191,1024,0
091086.jpg 719,470,891,792,0
091096.jpg 39,459,179,761,0 672,347,817,640,0
091106.jpg 1078,188,1199,432,0
091116.jpg 1077,473,1135,719,0 1161,481,1243,779,0
091126.jpg 413,685,537,948,0 615,856,741,1024,0
091136.jpg 1078,679,1194,895,0 1168,683,1248,895,0 310,468,424,684,0
091146.jpg 92,26,209,232,0 1090,230,1168,449,0 1161,390,1257,666,0
091156.jpg 693,198,790,404,0 341,697,476,942,0 163,656,265,887,0
091166.jpg 235,6,304,191,0 228,60,311,280,0 1124,224,1221,449,0 1161,395,1251,665,0
091176.jpg 793,526,889,794,0 1188,242,1280,480,0 364,187,458,397,0 390,370,473,612,0 17,338,142,545,0 140,499,227,743,0 345,655,434,830,0 696,825,820,1024,0 513,79,586,276,0
091186.jpg 36,368,97,654,0 99,347,177,608,0 245,487,343,679,0 674,595,802,858,0 1174,543,1265,803,0
091196.jpg 78,711,165,984,0 408,805,545,1024,0 847,670,970,945,0 821,201,940,462,0
091206.jpg 629,709,748,859,0 570,832,699,1012,0 274,770,413,1015,0 90,674,227,966,0 651,155,728,333,0 735,119,831,384,0
091216.jpg 27,350,126,571,0 702,452,827,688,0 1164,355,1261,564,0 817,875,927,1012,0 439,796,575,978,0
091226.jpg 808,139,890,363,0 921,445,1024,669,0
091236.jpg 519,125,633,332,0
091246.jpg 352,39,454,280,0 430,22,518,259,0 1030,514,1113,770,0 1118,535,1194,772,0
091256.jpg 901,636,985,891,0 809,609,925,861,0 792,538,913,782,0 461,639,615,879,0 437,535,518,804,0 501,553,619,786,0
100007.jpg 393,219,458,472,0 458,254,528,542,0
100017.jpg 1093,90,1198,292,0 1213,1,1278,202,0
100027.jpg 1135,89,1193,296,0 1080,74,1151,290,0
100037.jpg 1229,1,1280,175,0 795,155,832,294,0 849,181,898,347,0 739,136,793,285,0
100047.jpg 423,297,536,562,0 1073,135,1131,315,0 86,830,221,1024,0 1175,519,1280,710,0
100057.jpg 644,638,770,874,0
100067.jpg 623,259,714,492,0 1162,482,1280,793,0
100077.jpg 953,55,1023,281,0 1227,1,1280,226,0
100087.jpg 88,433,204,689,0
100097.jpg 65,327,164,575,0 566,283,658,508,0 642,193,715,404,0 700,194,770,419,0 761,196,830,432,0 824,225,907,432,0
100107.jpg 760,655,880,843,0
100117.jpg 31,405,149,652,0 128,785,242,1016,0 798,535,899,765,0 966,524,1103,788,0
100127.jpg 898,126,973,323,0
100137.jpg 767,624,901,879,0 351,406,430,563,0
100147.jpg 58,374,188,624,0
100157.jpg 25,410,166,672,0
100167.jpg 430,232,517,478,0 799,198,882,381,0
100177.jpg 1073,142,1143,320,0 876,129,976,390,0 776,189,866,364,0 345,244,424,410,0
100187.jpg 699,162,807,413,0
100197.jpg 720,166,859,400,0
100207.jpg 381,208,462,463,0 436,246,534,498,0
100217.jpg 669,644,770,870,0
100227.jpg 1091,112,1193,332,0
100237.jpg 471,747,576,955,0 1081,4,1198,192,0
100247.jpg 1237,86,1280,320,0
100257.jpg 385,247,501,495,0
100267.jpg 1109,29,1186,292,0 1178,81,1254,305,0 1205,19,1273,240,0
100277.jpg 644,259,724,482,0 708,277,793,523,0
100287.jpg 476,250,571,477,0 1076,144,1173,355,0 1220,97,1280,325,0
100297.jpg 1071,85,1159,296,0
100307.jpg 249,355,324,621,0
100317.jpg 616,642,780,913,0 978,143,1042,313,0 1140,109,1276,342,0 1155,449,1280,727,0
100327.jpg 74,350,197,616,0
100337.jpg 107,338,211,577,0
100347.jpg 1208,493,1280,689,0
100357.jpg 161,336,232,592,0 254,384,300,595,0
100367.jpg 662,194,754,399,0
100377.jpg 1070,181,1178,348,0 788,67,873,274,0 859,97,959,327,0
100387.jpg 956,524,1049,762,0
100397.jpg 918,117,1036,334,0
100407.jpg 877,85,1009,335,0 346,415,446,596,0
100417.jpg 1201,1,1280,207,0
100427.jpg 327,333,456,549,0
100437.jpg 742,609,912,888,0
100447.jpg 297,319,400,554,0 1119,1,1176,120,0
100457.jpg 273,850,418,1024,0 866,125,925,327,0 928,140,998,331,0 1221,13,1280,223,0
100467.jpg 917,116,1008,327,0 977,129,1033,323,0 149,803,248,1022,0 324,232,399,434,0
100477.jpg 539,659,693,921,0 746,571,851,817,0 878,627,1009,875,0 1205,401,1280,673,0
100487.jpg 571,235,673,461,0 901,135,989,320,0
100497.jpg 915,551,1049,794,0 684,178,830,428,0
100507.jpg 1103,116,1213,374,0 1126,550,1233,740,0
100517.jpg 1144,55,1261,282,0
100527.jpg 1073,82,1138,305,0 1127,112,1186,308,0 1153,44,1211,251,0 1203,77,1273,286,0
100537.jpg 1,870,97,1024,0 108,879,218,1024,0
100547.jpg 716,215,768,464,0 763,220,818,459,0
100557.jpg 1223,66,1280,319,0 16,409,100,666,0
100567.jpg 849,112,955,382,0 1181,81,1274,332,0
100577.jpg 6,882,136,1024,0 740,169,860,407,0
100587.jpg 408,253,493,477,0 469,261,534,504,0 1225,91,1280,324,0
100597.jpg 1073,134,1140,329,0 695,164,765,369,0 849,182,920,369,0 815,133,866,276,0 946,104,1027,268,0
100607.jpg 933,112,996,315,0
100617.jpg 71,423,185,706,0
100627.jpg 577,223,643,409,0 264,375,319,611,0
100637.jpg 645,186,741,393,0 746,161,830,361,0
100647.jpg 65,344,170,600,0 575,235,670,457,0 466,205,551,444,0
100657.jpg 466,229,544,479,0 831,102,909,320,0
100667.jpg 946,97,1033,312,0 498,213,569,447,0
100677.jpg 1111,452,1230,685,0
100687.jpg 324,352,462,602,0 653,665,839,919,0 1224,32,1280,267,0
100697.jpg 694,83,786,290,0 796,127,867,329,0 1111,129,1188,350,0
100707.jpg 461,244,543,498,0 561,277,626,509,0 923,542,1134,824,0
100717.jpg 663,627,844,859,0 563,782,817,1024,0
100727.jpg 262,367,331,574,0 269,812,390,1024,0 967,490,1158,761,0 1121,156,1223,363,0 1209,96,1280,319,0
100737.jpg 78,425,180,707,0 1071,140,1140,332,0 63,285,125,475,0 248,353,314,545,0
100747.jpg 557,727,649,961,0 632,740,715,931,0
100757.jpg 394,288,477,548,0 728,119,823,344,0 813,125,886,344,0 890,191,951,416,0
100767.jpg 1071,114,1148,359,0 625,155,743,392,0 818,149,925,400,0 477,268,539,489,0
100777.jpg 89,426,168,630,0 774,119,866,412,0 858,117,932,342,0
100787.jpg 238,359,307,569,0 862,723,1009,946,0
100797.jpg 631,654,740,877,0
100807.jpg 653,186,766,467,0 830,94,936,321,0
100818.jpg 284,806,381,1019,0 361,794,463,1004,0
100828.jpg 377,267,491,506,0
100838.jpg 530,244,657,521,0
100848.jpg 734,721,903,961,0 647,206,723,454,0 758,183,839,375,0 843,232,916,466,0 724,309,799,473,0
100858.jpg 598,634,728,872,0 725,719,870,957,0 273,368,323,586,0
100868.jpg 1145,52,1237,289,0 816,136,886,322,0
100878.jpg 665,204,747,446,0 742,193,805,444,0 913,529,1047,756,0 1109,543,1271,783,0 1170,78,1257,324,0 1243,100,1280,325,0
100888.jpg 958,109,1027,325,0 904,123,958,316,0
100898.jpg 942,75,1049,312,0 561,258,678,477,0
100908.jpg 1233,2,1280,227,0
100918.jpg 800,638,1019,885,0
100928.jpg 1123,89,1220,295,0 563,235,645,524,0 705,169,778,356,0 1204,472,1250,642,0 1236,459,1280,648,0
100938.jpg 19,529,157,746,0 1096,102,1190,335,0 1184,113,1250,335,0 1255,90,1280,300,0
100949.jpg 1078,129,1189,331,0 627,133,723,404,0 712,155,805,408,0
100959.jpg 947,117,1038,346,0
100969.jpg 793,115,881,320,0 940,629,1009,846,0 988,616,1085,859,0 892,497,977,670,0
100980.jpg 261,370,345,565,0 776,61,849,251,0
100990.jpg 398,343,504,571,0
101002.jpg 584,178,678,420,0 657,202,753,439,0
101012.jpg 1075,140,1130,310,0 606,230,690,499,0 1,875,138,1024,0
101022.jpg 349,274,458,547,0 967,158,1037,395,0
101032.jpg 1085,120,1188,316,0 281,333,316,569,0
101042.jpg 650,622,775,870,0 956,104,1040,319,0
101052.jpg 1125,128,1201,343,0 588,222,710,484,0 886,145,988,362,0 768,145,830,319,0
101062.jpg 40,458,121,728,0
101072.jpg 255,336,332,559,0
101082.jpg 1058,167,1101,377,0 1108,48,1169,285,0 1174,98,1244,301,0 1177,17,1254,151,0
101092.jpg 676,661,806,884,0
101102.jpg 1070,130,1135,317,0 808,147,895,364,0 720,147,795,380,0
101112.jpg 578,293,712,490,0
101122.jpg 1169,42,1219,250,0 1203,39,1263,208,0 19,866,136,1024,0
101132.jpg 451,265,541,520,0 1148,39,1221,255,0 1071,17,1143,237,0
101143.jpg 477,689,586,946,0 530,729,647,943,0
101153.jpg 363,343,435,580,0 415,352,488,582,0
101163.jpg 270,766,394,1002,0 936,605,1038,791,0
101173.jpg 1207,517,1280,775,0 930,198,996,398,0 768,176,828,361,0 838,215,888,356,0 862,128,930,302,0
101183.jpg 1076,125,1155,336,0 1033,563,1113,753,0
101193.jpg 1227,67,1280,274,0 673,237,731,455,0 793,134,883,321,0
101203.jpg 473,700,601,930,0 601,184,711,410,0 990,181,1029,301,0
101213.jpg 681,232,768,471,0
101223.jpg 375,799,511,989,0
101233.jpg 1105,147,1193,345,0 1203,1,1280,175,0 1086,1,1166,155,0
101243.jpg 261,369,326,632,0 357,382,400,598,0 388,387,438,577,0
101253.jpg 842,158,903,362,0
101263.jpg 815,129,928,364,0 993,171,1027,306,0
101273.jpg 684,714,779,857,0
101283.jpg 637,675,723,907,0
101293.jpg 641,247,697,464,0 1227,118,1280,302,0
101303.jpg 138,414,206,645,0 536,687,615,907,0
101313.jpg 718,582,825,822,0 85,832,218,1002,0 300,852,433,1024,0 1195,417,1280,630,0
110004.jpg 192,789,273,999,0 444,824,518,1010,0
110014.jpg 650,678,703,856,0
110024.jpg 727,422,787,576,0 788,410,839,577,0
110036.jpg 132,723,185,911,0 369,759,415,935,0 414,746,484,931,0 250,766,300,917,0 576,525,635,717,0 630,545,689,728,0
110046.jpg 128,829,210,1024,0
110056.jpg 410,716,490,857,0 518,627,575,800,0
110066.jpg 1097,548,1163,647,0
110077.jpg 203,803,265,1001,0
110087.jpg 66,876,137,1024,0 645,719,695,865,0
110098.jpg 135,725,186,911,0 232,785,302,969,0 638,466,696,639,0
110108.jpg 742,449,800,634,0 983,666,1033,841,0
110118.jpg 430,602,487,778,0
110128.jpg 531,643,616,817,0
110138.jpg 688,452,732,608,0 751,445,804,609,0
110150.jpg 77,838,150,1024,0 127,765,170,917,0
110160.jpg 130,723,190,909,0 633,467,705,639,0 704,462,762,635,0 852,363,892,530,0 959,397,1006,539,0
110170.jpg 125,767,174,952,0 550,610,607,790,0 591,614,652,770,0
110180.jpg 595,537,644,706,0 645,537,702,710,0
110190.jpg 81,853,139,1024,0 128,746,179,932,0 398,682,503,881,0 358,829,411,1019,0 552,845,620,931,0 588,777,655,866,0
110202.jpg 99,755,170,956,0 556,546,617,727,0 868,400,912,544,0
110212.jpg 84,892,150,1024,0 137,725,185,911,0 739,439,796,606,0 810,461,847,605,0 850,435,903,583,0
110223.jpg 251,811,301,969,0
110233.jpg 122,768,178,954,0 554,636,607,822,0 822,359,863,522,0 879,397,912,528,0
110243.jpg 223,811,295,996,0 153,785,216,974,0 629,469,700,658,0 701,489,756,651,0 131,722,179,905,0
110253.jpg 111,751,172,955,0 658,456,712,622,0 994,257,1060,445,0
110263.jpg 61,861,108,1024,0 623,485,702,678,0 722,492,792,683,0
110274.jpg 578,534,639,715,0 970,346,1024,507,0
110284.jpg 609,552,679,745,0 710,672,762,848,0
110295.jpg 134,724,187,910,0 612,497,690,679,0 697,500,756,677,0 957,387,1004,529,0 857,361,904,528,0 897,275,944,385,0
110305.jpg 133,725,182,914,0 584,530,635,710,0 645,541,706,709,0 701,525,775,699,0
110315.jpg 623,474,682,651,0 819,422,872,559,0 870,417,911,526,0
110325.jpg 112,751,173,958,0 699,441,756,578,0 1034,253,1099,417,0
110335.jpg 476,599,565,782,0 560,576,613,750,0
110346.jpg 553,577,639,759,0 604,556,656,681,0
110356.jpg 833,749,915,849,0
110366.jpg 121,766,175,954,0 488,671,554,867,0 844,343,920,517,0
110376.jpg 1,707,40,829,0
110387.jpg 798,381,860,517,0 1017,415,1086,556,0
110398.jpg 505,614,555,795,0 569,607,636,791,0 321,741,378,868,0
110408.jpg 179,821,248,1022,0 65,918,128,1024,0 121,765,182,956,0 255,840,299,1024,0 574,541,661,726,0
110419.jpg 122,767,168,952,0 416,739,487,921,0 362,734,415,920,0
110429.jpg 618,510,668,677,0 672,508,730,675,0
110439.jpg 839,711,914,862,0 945,744,1027,882,0
110449.jpg 103,751,173,957,0 572,607,655,790,0 860,311,912,501,0
110460.jpg 239,787,298,973,0
110470.jpg 101,780,179,998,0 716,439,775,586,0 787,418,852,598,0
110481.jpg 109,876,173,1024,0 169,869,250,1024,0 657,478,736,658,0 157,814,210,922,0 117,759,171,897,0
120006.jpg 1167,547,1215,723,0 1238,563,1279,695,0 1170,485,1237,605,0 560,753,630,892,0
120016.jpg 558,742,614,888,0 617,762,696,929,0 697,770,777,914,0 984,559,1049,730,0 1059,561,1111,743,0
120026.jpg 490,755,537,919,0 547,767,594,861,0 676,764,709,899,0 708,797,763,912,0 1226,497,1280,662,0
120036.jpg 1135,536,1214,712,0
120046.jpg 959,647,1027,810,0 1024,637,1099,778,0 1177,533,1253,720,0 1239,542,1280,718,0
120056.jpg 1144,482,1233,666,0
120066.jpg 854,670,929,866,0
120076.jpg 1201,495,1279,681,0 1141,932,1214,1024,0
120086.jpg 731,733,801,898,0 801,747,867,901,0
120096.jpg 1129,541,1208,708,0
120106.jpg 754,671,825,843,0
120116.jpg 939,612,988,788,0 980,595,1041,793,0
120126.jpg 1235,791,1280,1024,0 556,710,606,876,0 601,738,668,908,0
120136.jpg 639,748,704,914,0 776,692,862,875,0 1137,534,1196,711,0 1108,895,1177,1024,0
120146.jpg 666,687,699,867,0 699,710,771,869,0 1023,578,1102,758,0 1098,588,1152,770,0 1149,464,1211,633,0 1221,494,1280,664,0
120156.jpg 624,758,696,901,0 869,620,952,807,0 976,523,1044,709,0 1064,529,1142,708,0
120166.jpg 1155,528,1222,704,0 798,863,860,930,0
120176.jpg 928,610,1015,813,0
120186.jpg 1015,550,1075,725,0 1063,576,1136,753,0
120196.jpg 562,792,622,956,0 618,782,709,937,0 1197,523,1280,709,0
120206.jpg 690,711,741,900,0 739,704,798,912,0 998,613,1060,682,0 1010,669,1081,797,0
120216.jpg 602,769,655,968,0 1158,523,1191,737,0 1206,545,1253,728,0 632,827,700,974,0 920,961,1015,1024,0
120226.jpg 529,769,598,931,0 592,755,650,971,0
120236.jpg 1048,571,1137,763,0 1162,917,1247,1023,0 1230,897,1280,1013,0 542,769,626,965,0
120246.jpg 828,671,897,858,0 904,676,972,857,0 1154,858,1240,1013,0
120256.jpg 456,782,519,973,0 565,799,627,921,0
120266.jpg 743,781,799,926,0 739,724,805,804,0 816,753,880,922,0 596,818,664,956,0 518,815,578,961,0
120276.jpg 1048,574,1117,761,0 1139,578,1196,762,0
120286.jpg 484,773,552,946,0 1152,501,1222,669,0
120296.jpg 1098,580,1159,751,0 1156,585,1219,754,0
120306.jpg 654,719,760,917,0
120316.jpg 739,650,814,864,0 821,684,892,851,0
120326.jpg 474,759,536,928,0 553,751,627,911,0
120336.jpg 825,692,863,892,0 868,698,912,854,0 866,781,915,942,0 1058,662,1125,797,0 616,882,670,977,0
120346.jpg 736,682,811,881,0 866,701,929,916,0 887,604,918,767,0 914,594,976,800,0 1097,621,1153,775,0 1134,558,1194,743,0 1015,393,1077,520,0
120356.jpg 797,711,851,886,0 853,755,918,924,0 855,689,898,820,0 602,864,663,994,0
120366.jpg 640,412,690,453,0 836,646,917,836,0
120376.jpg 958,376,1024,538,0 1139,487,1210,672,0 1204,469,1267,664,0 866,695,955,892,0 675,745,766,923,0 416,844,494,1010,0
120386.jpg 917,559,1001,737,0 938,698,1005,834,0 999,697,1078,839,0
120396.jpg 679,749,721,896,0 710,813,769,928,0 1081,563,1121,737,0 1124,563,1192,747,0
120406.jpg 862,638,928,798,0 923,635,986,811,0
120416.jpg 935,617,1022,808,0 1035,639,1092,781,0
120426.jpg 588,688,642,872,0 647,726,709,868,0 862,760,935,937,0 950,582,1002,775,0 1013,591,1084,778,0
120436.jpg 590,707,697,894,0 1081,475,1150,681,0 1146,476,1217,668,0
120446.jpg 613,697,708,872,0 462,853,534,1020,0 1134,901,1216,1016,0
120456.jpg 743,653,833,830,0
130005.jpg 921,358,1022,582,0 993,377,1089,594,0 730,164,806,383,0 516,150,575,347,0 465,555,556,756,0
130015.jpg 411,502,520,713,0 523,535,589,753,0 1030,397,1117,590,0
130025.jpg 813,386,873,523,0 885,426,960,612,0 1000,434,1061,610,0 475,534,582,708,0
130035.jpg 897,434,974,655,0 558,532,627,729,0 573,643,658,810,0
130045.jpg 708,464,768,592,0 663,833,795,1022,0
130055.jpg 331,531,428,760,0 416,566,493,769,0 511,530,574,731,0 555,548,642,747,0
130065.jpg 843,437,909,632,0 904,440,974,642,0 25,742,106,965,0
130075.jpg 220,676,302,874,0 282,735,366,905,0 707,537,780,750,0 697,296,775,469,0
130085.jpg 460,470,538,705,0 1204,346,1263,535,0
130095.jpg 441,112,507,294,0 309,528,417,750,0 46,659,119,894,0 1,632,60,876,0
130105.jpg 800,807,920,1003,0
130115.jpg 355,636,440,867,0 235,653,323,863,0 155,644,256,840,0
130125.jpg 552,480,640,699,0 698,432,768,582,0 647,515,710,717,0
130135.jpg 1156,281,1224,468,0
130145.jpg 109,618,182,847,0
130155.jpg 909,397,984,606,0 710,537,760,745,0 757,527,794,721,0 727,392,815,570,0 1200,322,1270,546,0
130165.jpg 266,580,365,795,0 559,924,606,1021,0 886,451,957,656,0 1197,258,1274,462,0 608,933,642,1018,0 522,566,585,719,0
130175.jpg 263,565,351,781,0
130185.jpg 908,358,997,558,0 1046,402,1104,612,0
130195.jpg 302,581,387,804,0 707,541,781,746,0 395,600,470,809,0 1236,294,1280,479,0 1045,702,1117,891,0 1191,937,1256,1016,0
130205.jpg 931,412,1004,597,0 1014,419,1083,596,0
130215.jpg 507,505,588,739,0 863,155,954,363,0 484,85,553,260,0 1200,589,1280,816,0
130225.jpg 732,533,802,750,0 971,322,1045,515,0
130235.jpg 447,523,547,734,0 440,110,538,299,0 984,322,1056,522,0 1028,343,1089,566,0 1173,641,1246,867,0 1227,672,1280,853,0
130245.jpg 81,660,173,891,0 690,501,770,711,0 806,503,892,698,0 1021,310,1075,491,0
130255.jpg 510,509,583,726,0 560,515,655,735,0
130265.jpg 537,510,632,724,0 28,709,126,920,0
130275.jpg 312,575,410,784,0
130285.jpg 992,319,1074,504,0 411,588,509,816,0
130295.jpg 307,538,371,756,0 368,571,418,754,0
130305.jpg 826,459,929,659,0 975,419,1039,620,0 959,316,1019,436,0 1027,355,1080,501,0
130315.jpg 92,660,171,852,0 712,531,784,749,0
130325.jpg 218,643,310,855,0 290,661,367,875,0 615,916,680,1024,0 696,565,783,753,0
130335.jpg 927,365,999,577,0 989,377,1062,592,0 331,581,412,848,0
130345.jpg 58,672,163,916,0 604,33,668,215,0
130355.jpg 961,397,1065,585,0 691,830,799,1007,0 561,146,642,317,0 987,814,1077,1019,0
130365.jpg 219,619,298,834,0 305,655,372,859,0 710,542,781,752,0 791,807,901,999,0
130375.jpg 549,542,622,761,0 614,569,685,747,0
130385.jpg 814,782,920,998,0
130395.jpg 279,697,385,876,0
130405.jpg 14,711,93,953,0 78,715,169,953,0 244,707,330,880,0 711,539,777,747,0 487,529,546,728,0
130415.jpg 695,493,774,714,0
130425.jpg 1127,675,1204,870,0
130435.jpg 266,673,360,872,0 80,632,155,860,0 150,693,254,849,0
130445.jpg 461,127,547,330,0 245,600,337,815,0 201,552,287,786,0 18,723,134,953,0
130455.jpg 402,593,477,836,0 468,650,525,852,0 1185,247,1266,456,0
130465.jpg 1129,276,1187,466,0 1191,308,1261,496,0 410,655,482,875,0 334,647,415,870,0
130475.jpg 946,412,1031,601,0 387,568,484,790,0 306,558,393,775,0
130485.jpg 814,394,906,600,0 895,405,976,627,0 416,627,516,800,0 224,599,337,817,0
130495.jpg 811,236,889,359,0 763,369,842,539,0 516,168,580,378,0 470,450,539,680,0 531,494,609,706,0 223,657,304,867,0
140005.jpg 571,262,662,512,0
140015.jpg 951,163,1070,406,0
140025.jpg 528,436,599,635,0 1007,167,1091,433,0 1095,207,1183,462,0
140035.jpg 640,288,758,577,0 988,159,1106,408,0
140045.jpg 979,239,1067,488,0 14,267,131,537,0 736,707,812,977,0 975,759,1117,959,0 1185,576,1280,827,0
140055.jpg 211,222,295,499,0 289,421,453,683,0 1063,121,1155,366,0 1156,119,1213,377,0
140065.jpg 880,247,988,488,0
140075.jpg 1,326,131,580,0 339,503,431,688,0 561,328,684,601,0 1179,659,1275,871,0
140085.jpg 172,373,254,601,0 216,419,334,662,0 680,706,814,967,0 860,734,940,1021,0 628,443,725,645,0
140095.jpg 182,332,249,568,0 285,392,385,667,0 378,791,551,1011,0 1033,744,1161,973,0
140105.jpg 889,238,984,505,0 976,125,1051,370,0 1151,147,1224,384,0 1177,206,1280,422,0
140115.jpg 580,210,680,461,0 1120,169,1209,408,0
140125.jpg 594,272,685,531,0 653,311,791,572,0 1136,107,1226,347,0 1240,143,1280,351,0
140135.jpg 428,784,563,1024,0
140145.jpg 275,925,485,1024,0 129,853,225,1024,0 910,237,1022,500,0
140155.jpg 280,214,388,464,0 566,454,669,639,0
140165.jpg 1,407,63,655,0 530,273,661,514,0
140175.jpg 181,229,272,469,0 1,246,56,506,0 559,448,654,645,0 654,351,758,603,0 555,804,647,964,0
140185.jpg 210,217,291,500,0 862,673,1006,925,0
140195.jpg 205,240,294,500,0 354,318,465,551,0 453,315,543,573,0 1138,194,1213,436,0
140205.jpg 658,814,800,1018,0
140215.jpg 257,323,401,571,0
140225.jpg 258,410,347,685,0 1046,618,1175,889,0
140235.jpg 186,358,269,599,0 650,247,749,488,0
140245.jpg 26,920,135,1024,0 276,339,417,571,0 607,339,727,577,0 640,425,734,645,0
140255.jpg 522,258,626,514,0 654,403,751,652,0
140265.jpg 58,490,123,717,0 660,216,746,470,0 748,181,817,411,0 1052,225,1162,488,0 995,160,1112,434,0
140275.jpg 590,413,676,647,0 873,217,917,473,0 915,237,1000,493,0
140285.jpg 224,420,357,648,0
140295.jpg 1061,167,1177,381,0
140305.jpg 10,221,124,510,0 702,297,809,540,0
140315.jpg 640,419,739,651,0 617,266,757,505,0 931,258,1027,491,0
140325.jpg 221,512,329,751,0 1088,591,1214,832,0 1177,591,1258,834,0
140335.jpg 1101,208,1198,434,0
140345.jpg 304,359,448,584,0
140355.jpg 500,412,597,633,0 1049,115,1136,364,0 1147,120,1217,404,0
140365.jpg 391,299,510,596,0
140375.jpg 361,300,470,552,0 628,403,732,642,0 1250,189,1280,436,0
140385.jpg 454,233,572,532,0
140395.jpg 210,509,306,763,0 495,291,602,568,0 530,332,657,583,0 669,224,769,482,0
140405.jpg 867,690,955,910,0 1117,131,1181,401,0 1049,134,1139,399,0
140415.jpg 1043,126,1164,399,0
140425.jpg 6,217,134,509,0 1074,210,1188,450,0
140435.jpg 254,808,391,1024,0 532,410,626,640,0 674,240,798,484,0 755,287,853,524,0
140445.jpg 421,479,498,654,0 617,318,740,567,0
140455.jpg 540,406,629,637,0 373,380,510,625,0 340,339,433,592,0 685,191,754,430,0 742,203,821,473,0
140465.jpg 441,880,579,1024,0 596,409,739,647,0 858,211,959,425,0
140475.jpg 1134,688,1265,925,0 183,320,237,564,0 154,475,238,677,0 71,379,169,592,0
140485.jpg 889,244,957,497,0 867,211,936,447,0
140495.jpg 635,317,752,557,0 688,280,813,514,0 612,221,732,484,0
140505.jpg 503,776,659,1019,0
140515.jpg 1072,209,1178,460,0 254,329,379,608,0 236,311,353,583,0 866,662,999,897,0
140525.jpg 43,356,150,628,0 643,421,731,649,0 885,247,988,500,0
140535.jpg 369,385,498,650,0 643,420,731,646,0 1131,664,1251,880,0
140545.jpg 605,410,699,648,0 873,201,943,429,0 910,655,1051,922,0
140555.jpg 421,441,510,650,0 730,806,807,993,0 887,199,962,451,0 943,238,1059,477,0
150007.jpg 578,853,708,1024,0
150017.jpg 17,217,190,506,0 1,803,121,1024,0 414,195,560,491,0 653,284,796,575,0 615,220,770,515,0
150027.jpg 1062,1,1185,246,0 895,747,1020,994,0 170,314,303,591,0 162,308,310,558,0
150037.jpg 673,285,797,570,0 652,245,792,519,0
150047.jpg 9,272,160,568,0
150057.jpg 863,92,980,379,0 1232,147,1280,415,0
150067.jpg 270,390,366,600,0 20,785,173,955,0 22,900,192,1024,0
150077.jpg 628,180,763,447,0 581,135,703,397,0
150087.jpg 147,385,296,627,0 153,285,301,590,0
150097.jpg 777,232,945,507,0
150107.jpg 637,114,772,395,0 854,127,952,411,0 879,173,988,465,0
150117.jpg 450,306,561,572,0
150127.jpg 522,182,679,458,0 497,151,621,396,0
150137.jpg 51,371,149,606,0 1,396,81,594,0 1048,721,1204,984,0
150147.jpg 826,116,965,388,0
150157.jpg 142,347,285,619,0 125,310,273,588,0 1129,1,1258,244,0
150167.jpg 270,239,360,497,0
150177.jpg 147,812,291,1024,0
150187.jpg 635,714,810,1004,0 1165,145,1280,461,0
150197.jpg 421,269,557,556,0
150207.jpg 258,275,399,563,0
150217.jpg 771,146,865,426,0
150227.jpg 771,832,940,1024,0
150237.jpg 422,275,566,550,0 637,355,762,668,0
150247.jpg 417,214,572,484,0 385,168,527,419,0
150257.jpg 521,133,633,410,0
150267.jpg 851,178,984,454,0 1104,182,1187,462,0
150277.jpg 587,244,727,531,0
150287.jpg 1065,1,1180,240,0 1034,253,1103,529,0 961,219,1106,480,0 942,180,1038,434,0
150297.jpg 781,244,955,526,0 777,193,943,463,0 1046,157,1194,420,0
150307.jpg 831,247,962,499,0
150317.jpg 752,650,910,954,0
150327.jpg 285,731,420,1007,0
150337.jpg 521,761,688,1004,0
150347.jpg 667,146,817,437,0
150357.jpg 847,158,951,417,0
150367.jpg 427,213,564,484,0 405,165,543,448,0 1095,129,1272,432,0 1076,106,1221,403,0
150377.jpg 778,205,921,459,0 942,699,1091,962,0
150387.jpg 1,228,110,522,0
150397.jpg 210,197,380,499,0 1064,194,1201,466,0
150407.jpg 1081,1,1199,234,0 778,190,842,458,0 744,169,850,420,0
150417.jpg 30,220,122,525,0 88,300,228,567,0 1026,195,1114,468,0 1164,312,1241,417,0 1147,666,1280,936,0
150427.jpg 642,177,738,465,0
150437.jpg 532,187,679,444,0
150447.jpg 136,352,278,615,0 125,268,210,496,0
150457.jpg 169,317,266,618,0 1,276,27,546,0
150467.jpg 387,749,558,969,0 1110,1,1247,238,0
150477.jpg 800,239,930,540,0 906,200,984,516,0 1023,250,1105,546,0 1031,177,1121,442,0 1118,103,1223,417,0 971,99,1028,143,0
150487.jpg 746,154,869,428,0 279,196,465,451,0 280,258,363,549,0 325,335,423,599,0
150497.jpg 771,162,900,459,0 836,195,981,506,0
150507.jpg 125,777,308,1024,0
150517.jpg 606,287,747,596,0 267,241,414,541,0
150527.jpg 1052,148,1185,429,0
150537.jpg 287,269,451,532,0 1130,759,1280,1024,0
150547.jpg 1083,1,1198,234,0 594,199,732,469,0 580,178,716,428,0
150557.jpg 444,249,574,510,0 553,176,642,458,0
150567.jpg 690,737,851,999,0
150577.jpg 97,293,229,576,0 1,258,84,553,0 691,259,778,532,0 744,270,830,569,0
150587.jpg 627,183,763,472,0 1126,696,1247,951,0 1199,678,1280,943,0
150597.jpg 1,371,95,666,0 284,262,384,541,0
160004.jpg 1158,581,1226,780,0 884,749,955,923,0
160015.jpg 383,820,464,1024,0 319,782,383,995,0 882,625,927,857,0
160025.jpg 573,737,651,955,0
160035.jpg 1122,640,1218,859,0 1026,606,1069,826,0 279,831,347,1024,0
160045.jpg 629,907,716,1024,0 349,854,420,1024,0
160055.jpg 811,670,958,880,0
160065.jpg 429,797,506,1015,0 365,793,428,993,0
160076.jpg 398,821,467,1024,0 322,817,411,1024,0
160086.jpg 281,839,347,1022,0 372,863,429,1020,0
160097.jpg 1014,587,1085,813,0
160107.jpg 584,696,667,942,0 617,899,697,1024,0
160117.jpg 801,697,864,910,0 893,669,971,903,0 1176,633,1254,845,0 881,600,958,723,0
160127.jpg 1135,549,1209,766,0
160137.jpg 569,833,638,1024,0
160147.jpg 377,773,477,1001,0
160157.jpg 908,698,1000,912,0 814,661,874,874,0 887,611,947,841,0 360,773,466,1017,0 544,688,621,913,0 490,791,547,1009,0
160167.jpg 560,837,625,1024,0 427,817,526,1024,0 844,848,910,1024,0
160177.jpg 794,668,853,898,0 888,698,951,933,0 415,781,516,992,0
160187.jpg 1001,703,1085,911,0 1109,560,1186,795,0
160197.jpg 1174,534,1239,734,0
160207.jpg 805,660,852,864,0 613,844,727,1024,0
160217.jpg 896,699,976,918,0
160227.jpg 1033,689,1078,866,0
160237.jpg 908,642,995,856,0 983,694,1064,882,0 1163,571,1250,803,0
160247.jpg 514,824,601,978,0 1118,606,1150,796,0 1029,583,1068,779,0
160257.jpg 1117,621,1163,854,0 479,803,529,956,0
160267.jpg 625,720,725,951,0 580,701,644,943,0
160277.jpg 893,698,941,920,0 279,834,351,1024,0
160287.jpg 319,804,407,1024,0 1134,607,1203,845,0
160297.jpg 962,678,1066,902,0
160307.jpg 900,611,955,838,0 927,642,987,858,0
160317.jpg 590,690,679,915,0
160327.jpg 1005,633,1069,878,0
160337.jpg 1003,563,1074,814,0 631,908,712,1024,0
160347.jpg 624,807,721,983,0
160357.jpg 802,676,848,906,0
160367.jpg 627,839,720,985,0 1117,578,1187,780,0
160378.jpg 888,657,948,869,0 805,851,880,1024,0
160388.jpg 927,601,1013,829,0
160398.jpg 1109,568,1174,773,0 378,948,452,1024,0
160409.jpg 431,821,492,1013,0 491,859,534,1024,0
160420.jpg 671,803,740,1024,0
160430.jpg 790,884,856,1024,0
160440.jpg 810,849,889,1024,0 1147,576,1223,780,0
160450.jpg 324,844,392,1024,0
160460.jpg 890,639,955,851,0 946,657,1039,870,0
160470.jpg 388,692,487,915,0 601,592,653,685,0 683,740,740,863,0 801,748,850,971,0 896,730,923,912,0
160480.jpg 1121,568,1187,787,0 1208,541,1264,767,0 797,743,847,969,0 303,809,359,1011,0
160490.jpg 1175,587,1248,813,0 677,779,745,1024,0
160500.jpg 912,609,997,843,0
160510.jpg 1017,638,1073,843,0
160520.jpg 319,841,393,1024,0
160530.jpg 347,795,480,1024,0
160540.jpg 552,709,631,931,0 649,897,721,1021,0
160550.jpg 622,741,730,981,0
160560.jpg 925,581,1016,797,0 1020,593,1081,819,0
160570.jpg 1013,617,1072,836,0 699,693,756,919,0
170007.jpg 362,782,455,999,0 1026,489,1102,702,0
170017.jpg 1102,467,1190,700,0
170027.jpg 1033,553,1126,772,0 923,537,994,722,0
170037.jpg 1207,518,1278,727,0 393,823,488,1023,0 305,825,415,980,0
170047.jpg 500,669,609,875,0 935,615,981,839,0
170057.jpg 689,584,746,819,0 716,645,798,857,0
170067.jpg 776,533,870,759,0 26,790,110,1020,0
170077.jpg 705,677,809,926,0 308,689,409,926,0
170087.jpg 739,700,822,911,0 588,707,676,868,0 749,600,855,751,0 943,505,1032,746,0
170097.jpg 595,672,691,891,0
170107.jpg 907,615,972,843,0 1052,584,1125,807,0 677,672,745,911,0
170117.jpg 388,763,445,974,0 446,813,522,1019,0 417,697,497,860,0
170127.jpg 687,657,794,890,0 807,510,900,705,0
170137.jpg 925,531,995,764,0 1006,549,1081,765,0
170147.jpg 333,755,424,965,0
170157.jpg 699,619,825,843,0
170167.jpg 1006,505,1093,745,0
170177.jpg 818,530,944,790,0
170187.jpg 834,551,923,731,0 949,548,1043,744,0 1048,541,1144,782,0 1152,534,1233,703,0
170197.jpg 833,642,915,825,0 713,594,793,808,0 562,746,657,982,0
170207.jpg 695,623,788,855,0 626,631,717,837,0
170217.jpg 1167,537,1261,752,0 514,687,595,889,0
170227.jpg 437,668,516,889,0 507,684,572,902,0
170237.jpg 1002,525,1062,762,0 648,729,732,948,0
170247.jpg 766,578,846,820,0 692,696,773,896,0
170257.jpg 989,551,1064,769,0 1047,574,1143,798,0
170267.jpg 510,697,624,948,0
170277.jpg 748,612,817,853,0 781,670,851,899,0
170287.jpg 916,592,985,815,0
170297.jpg 1026,598,1104,827,0 1001,599,1037,809,0
170307.jpg 797,544,892,798,0 899,567,962,824,0 571,642,683,884,0
170317.jpg 571,664,680,907,0 896,606,980,825,0 999,551,1092,759,0 1074,446,1151,676,0
170327.jpg 745,582,861,831,0 673,575,744,810,0 354,787,432,1009,0 276,773,362,968,0
170337.jpg 1090,436,1182,672,0 1237,460,1280,678,0
170347.jpg 754,219,832,356,0
170357.jpg 932,562,987,844,0
170367.jpg 1042,572,1131,789,0 381,698,493,954,0
170377.jpg 1044,575,1160,787,0 394,642,484,872,0
170387.jpg 278,769,356,961,0 340,764,433,994,0 647,745,761,975,0
170397.jpg 580,718,674,955,0
170407.jpg 1043,501,1127,727,0
170417.jpg 1014,478,1095,712,0 1085,438,1190,675,0 1154,475,1258,717,0 612,679,689,910,0 566,652,631,890,0 121,717,227,936,0 891,694,956,856,0
170427.jpg 428,700,518,940,0 620,257,679,370,0
170437.jpg 854,576,921,792,0 929,597,995,812,0 988,640,1059,815,0
170447.jpg 699,658,782,886,0
170457.jpg 435,681,527,886,0 840,561,908,765,0 1,880,87,1024,0
170467.jpg 1033,523,1107,732,0 1109,536,1193,777,0 44,827,134,1024,0
170477.jpg 471,749,568,979,0 302,673,406,926,0
170487.jpg 560,639,634,886,0
170497.jpg 972,499,1048,714,0 1031,530,1090,745,0 1084,548,1142,783,0 281,770,368,985,0
170507.jpg 761,592,849,828,0 701,600,772,842,0 428,751,512,995,0
180005.jpg 528,295,609,506,0 125,77,207,317,0 25,192,101,446,0 551,179,638,365,0
180016.jpg 853,124,949,384,0
180026.jpg 738,92,840,318,0 541,198,628,391,0 432,151,496,343,0 141,83,236,328,0
180036.jpg 678,118,780,341,0
180046.jpg 21,198,105,453,0 118,91,221,329,0
180056.jpg 100,248,155,464,0 140,273,197,499,0 581,183,672,391,0
180066.jpg 73,336,192,595,0
180076.jpg 28,69,131,310,0 798,664,901,943,0
180086.jpg 976,20,1051,275,0 1076,89,1150,324,0
180096.jpg 117,91,216,318,0 762,655,860,859,0
180106.jpg 95,86,172,309,0 1,190,50,423,0 256,273,351,514,0
180116.jpg 634,208,739,455,0 774,189,858,428,0 893,123,978,362,0 163,188,239,391,0
180126.jpg 1064,5,1142,211,0 1194,1,1257,270,0 124,93,214,317,0 3,379,54,568,0
180136.jpg 578,203,627,395,0 613,187,679,384,0 733,92,788,305,0
180146.jpg 976,12,1063,236,0
180156.jpg 535,271,581,421,0
180166.jpg 759,119,824,299,0 110,94,188,320,0 1209,423,1277,628,0
180176.jpg 100,89,178,320,0 1,425,94,658,0
180186.jpg 51,86,143,332,0 217,139,312,398,0 163,290,266,547,0
180196.jpg 1080,6,1158,238,0 958,127,1070,351,0
180206.jpg 765,143,839,385,0 841,172,933,412,0 127,87,212,327,0
180216.jpg 23,782,159,1007,0
180227.jpg 578,222,674,450,0 826,85,902,324,0 1084,1,1159,194,0
180237.jpg 956,61,1032,277,0 132,374,234,634,0 11,209,101,453,0 105,95,189,322,0
180247.jpg 137,82,224,319,0 844,64,931,291,0 899,100,1016,312,0
180257.jpg 859,133,939,401,0
180267.jpg 561,631,670,869,0
180277.jpg 124,94,218,333,0 448,235,530,463,0 531,236,589,508,0 558,275,637,518,0
180287.jpg 44,89,155,351,0 205,141,294,412,0 736,148,808,366,0 779,634,855,814,0
180297.jpg 235,231,316,466,0 164,181,234,391,0
180307.jpg 611,266,670,447,0 658,256,739,463,0 116,93,214,328,0 25,200,110,453,0 40,780,163,1011,0 77,861,227,1017,0
180317.jpg 111,95,209,317,0 159,747,281,966,0
180327.jpg 761,159,859,424,0 1018,80,1114,313,0 89,98,177,330,0 1,446,58,609,0
180337.jpg 115,91,189,332,0 619,152,705,366,0 771,552,849,746,0
180347.jpg 266,312,373,543,0
180357.jpg 176,144,249,375,0 582,189,640,381,0
180367.jpg 115,279,184,490,0 190,333,261,564,0 1185,58,1232,285,0
180377.jpg 102,101,181,331,0 1192,2,1258,195,0
180387.jpg 11,98,100,357,0 259,355,353,597,0
180397.jpg 43,72,139,321,0 826,169,935,406,0 844,117,940,350,0
180407.jpg 33,68,117,308,0 171,364,304,579,0
250009.jpg 1120,654,1214,950,0
250019.jpg 215,408,304,643,0 315,401,404,665,0 121,663,219,919,0 604,113,661,309,0
250029.jpg 661,520,804,742,0 1017,944,1111,1024,0
250039.jpg 1056,719,1191,956,0 708,449,845,719,0
250049.jpg 884,248,966,510,0
250059.jpg 690,450,753,629,0
250069.jpg 345,185,438,348,0 396,346,467,564,0 1111,475,1207,744,0 316,655,426,806,0 102,500,234,741,0
250079.jpg 746,641,819,856,0
250089.jpg 344,192,461,419,0 1083,853,1239,1024,0
250099.jpg 663,724,809,1017,0
250109.jpg 857,674,1016,915,0
250119.jpg 629,694,731,864,0
250129.jpg 885,592,1019,836,0 1046,341,1129,628,0 125,105,230,276,0
250139.jpg 658,410,796,660,0 1178,639,1280,816,0 1087,935,1199,1024,0
250149.jpg 491,312,605,554,0 1027,337,1116,614,0
250159.jpg 216,300,300,519,0 124,665,226,916,0 454,135,534,344,0 609,146,689,383,0
250169.jpg 101,310,182,520,0
250179.jpg 361,182,495,399,0 844,655,988,863,0
250189.jpg 529,98,656,296,0 567,489,672,720,0 840,608,975,860,0 1179,622,1280,807,0
250199.jpg 720,462,843,689,0 164,680,321,973,0 442,792,572,1024,0 831,875,932,1024,0 1211,869,1280,1020,0
250209.jpg 1205,461,1277,645,0
250219.jpg 643,837,737,1024,0
250229.jpg 515,280,642,514,0 1102,740,1234,990,0
250239.jpg 731,256,860,459,0 570,492,668,718,0 842,605,987,861,0 1174,634,1280,807,0
250249.jpg 596,382,725,629,0
250259.jpg 588,388,705,605,0 519,166,631,334,0
250269.jpg 110,407,202,636,0
250279.jpg 568,204,710,437,0 647,348,792,495,0 876,724,1015,995,0 1150,666,1244,896,0
250289.jpg 518,378,632,629,0
250299.jpg 675,657,797,932,0
250309.jpg 321,79,440,242,0
250319.jpg 580,289,717,531,0
250329.jpg 879,249,969,506,0 586,348,706,564,0
250339.jpg 1024,571,1155,805,0 107,2,216,204,0 984,884,1125,1024,0
250349.jpg 1006,355,1115,601,0
250359.jpg 825,460,955,621,0
250369.jpg 1084,765,1228,1024,0
250379.jpg 19,762,130,1024,0
250389.jpg 704,460,817,720,0 236,668,315,926,0 451,791,556,1024,0 788,869,909,1024,0
250399.jpg 1083,581,1147,758,0
250409.jpg 374,757,448,1019,0 459,790,568,1024,0 736,806,882,971,0
250419.jpg 722,453,832,680,0 1175,361,1280,566,0 261,647,368,881,0 459,799,568,1024,0 828,893,915,1024,0
